204280940
140897818
79615680
54371108
25197746
41256533
112120245
34593793
33790640
40994899
43630130
89921831
154139479
45902031
28030640
41688197
36026699
56003309
30271321
36037291
35378754
101880892
56319051
27777272
31369342
58037840
33014509
31816701
30280120
32669818
37076194
127856371
66521663
23860594
37885117
192739276
62842866
41436082
32016898
26135550
36540901
112657996
27704660
38612454
48621814
148028031
41643476
40517651
39517354
37817326
31700815
121759474
38126881
24764623
55857429
181505677
27251794
37015583
22983239
38074364
38219888
107686607
53856390
41214648
41472999
14401380
38063719
41048943
47992952
26258671
45422437
96904971
41530607
39229234
58593891
23372303
30421661
15107929
26184085
32113603
35100577
111729221
33400789
40436109
29233904
44234282
51328939
28438363
27171149
48612397
35874604
120136776
39326392
32232276
46158586
42211756
57924849
46038983
33335634
47440356
28881810
123518152
76997894
42174227
33802292
63928642
25138803
43271912
23817458
35916602
40721386
157570629
122977585
31495625
121763983
132358585
38342037
35702607
39860275
36740110
50443364
174306542
121014078
43992724
61316321
37808519
76759531
43390243
29962463
41017741
42011980
113686857
56462253
39776163
33913338
42384391
27574758
28911698
35556896
38153702
33143609
106186463
63241271
50490277
41021512
188607389
33893803
45625270
44778339
32169898
47628074
177663335
84285246
43592253
49438567
111324958
33078754
27662983
33993046
36359078
42396023
108211907
42978018
37863958
104249197
122583858
46172311
38730300
38819693
30936625
50438991
146316155
72327181
55613599
119240983
125265065
28106651
28724217
35537687
47256881
27152513
109269297
128748701
46291403
50638796
166963982
45613935
24922336
23710729
42013241
41535606
101184137
24574610
44425938
43488125
114253129
35040407
36413435
56643776
34784562
44797735
148169361
74956666
32346115
28805649
84913004
36686946
41456370
47122902
38046174
32772853
101567978
68101116
38864783
40155993
55806226
26471601
25838877
20573751
34286358
29117727
128690598
73734889
32268711
32660568
29605808
28744793
27270201
34487213
41373757
48232436
114210276
39226406
33462272
64839915
82525454
28366936
39521546
29510776
44264540
37920133
117095547
93191536
47266555
96600513
138864256
36350185
30959791
44806182
29989143
32689369
100465906
24976912
28619160
106991000
43954152
30247798
33333412
23166342
36929342
27611940
90729632
44329539
36260307
32291580
46653329
32863771
55435753
31829265
28313667
30682198
113547965
42545702
41070466
44212797
36816966
32809552
33632521
31618710
35845597
29388806
125705503
67141626
37123237
122329691
85655499
59867144
34417544
20997601
35188591
40467214
114601637
66625267
31988917
77244570
78529499
33190848
27919251
29659537
27747692
45783831
112656921
66945988
42254990
52139502
119645371
49983955
24050941
27418139
41737337
22477500
102755755
48520170
44937296
48170801
31569321
49680749
34985743
41712147
37812722
38664664
154720859
83708072
36014323
65604806
39680085
42347922
24840684
28673161
34297435
32772322
83888467
23386483
34007212
56501942
58665728
33131356
19562804
34440054
28532006
30771870
127523353
105555071
37362832
78733356
72639550
31644992
41797225
30479734
42098096
58922159
85507421
23031800
32108048
101701380
87482604
38221506
27452158
51229655
28277213
23147776
130988818
73217693
39316803
106770948
134475127
40076739
39536649
54275659
20628908
26558541
128626919
64430944
39217199
32911130
95354222
20905669
35361471
34573566
33080137
51334804
96050607
50596596
29590931
39499222
29588493
33170632
23090450
45367948
22215661
24953679
189765352
48536901
42627781
72710280
70204121
29343048
37295304
19840630
30163605
44631708
99249831
33647431
47144678
70781826
35841585
42624554
32508714
43459645
24303974
38772087
108139455
42958831
33734203
79871841
57961796
47869952
32313000
46318727
35023434
37250622
137830830
88035752
30493772
79549684
89723664
27638535
34052647
44388159
32097785
31051835
122659476
48644628
41506497
93321305
66333352
41212792
31445402
38947930
17261561
30393510
141606312
83332890
23965450
86688880
34940599
41346121
32349735
44622671
29188724
32582397
102604788
57183563
44770915
74579414
54513758
74466037
26913172
30945418
29324975
33638288
114077257
70295184
31064517
57949101
33108886
45787789
31140555
33923473
36734148
26214683
112744448
70865093
40362588
54766759
58827523
29383439
25792757
31503621
37979785
41698778
107308352
37519469
28790292
98971137
45392560
40615358
39650979
41187679
34671261
32222605
115093209
34270551
47523979
60698662
44576004
50184391
32879989
44309448
47864188
24677381
81016930
32182307
33738550
111973419
26551801
20839801
47752098
31396067
34257913
54080644
96166432
33339524
30747362
88821516
31447360
27275002
36961026
43772587
247846349
101560727
208701900
69989470
34286314
34527242
25615321
31515942
25507240
35547685
29593116
106895694
141901497
45945323
100022560
41050421
35727170
28772835
31143365
21519912
19514818
128117229
154629386
33261926
39204797
45781300
31237297
33884848
24250751
33369114
44821777
95475593
106827597
30090828
17993434
37163747
26280365
21292678
35140392
24793532
31477737
101219289
128684048
134719503
16910136
33392338
23048052
42994376
24740677
23520653
28690427
107986588
70442069
80701913
35926817
22354216
29107779
28087295
28942687
31020438
21892619
105073673
147024806
102178193
24153091
23219179
41884213
44552744
34476454
38560941
28961756
99813225
140635503
100076395
49650371
37072252
40087519
30805246
22081543
35010899
24584348
109105774
99024435
107095296
17560755
25444531
24793084
30280776
32582154
30013274
40709671
106540948
105015472
46400907
53752663
19443185
30088601
40729066
24297865
27028416
39061127
80046525
103417429
77842174
40701483
27853790
37633819
34100064
34895058
34206493
23636680
95564292
112905401
71627988
31597152
24756396
22647837
25047235
27689822
26615980
28869269
75921126
185994288
148711028
23358613
23592607
19318454
34111443
31801094
29376198
30716144
105911820
91357019
69846357
41939643
23577923
30883991
27242697
24955015
25221861
31565344
91136261
124609237
90614115
32725809
31989642
27839037
31995547
34608996
26960203
37774133
94968994
115560578
30423995
55565359
18638381
32149682
27802760
41375344
23736126
28181976
98204892
123081092
69609052
28602632
33945773
37288160
47611008
26014903
47330648
20439808
89409785
105040994
48732986
27276795
25412077
31849472
26376133
24751339
27106737
24870984
62259374
104912455
57092554
44534667
41991588
43275439
30664685
24621692
33666602
33834733
96612190
50336583
42387836
24190074
34709963
30743129
30288538
24184202
29715049
29216577
108231560
214606173
47363220
22353109
40326539
43126442
30271899
34488755
27066425
28345932
80078616
74447635
25863008
17405829
33965602
22121790
40225310
19552651
25821888
36135756
68854148
113115268
98755442
29471381
38071154
47515849
29520038
38092316
24830659
31018053
71675316
34012318
17348691
26361607
22914536
31997132
27940811
29114814
30187761
21069653
72144158
70986813
46719537
32333787
50477219
26237676
43908796
21683715
27699128
33072888
76484543
62461328
28839967
25172002
26876909
24631366
30912711
29420233
19800146
25786100
99837073
142876127
85960899
35236232
35172875
49407060
43916928
17631488
32435283
22568367
74537548
114954795
39810918
22359648
28761629
31985149
37745579
19175514
29184510
23046323
87305215
97633170
92101529
26804520
34317854
40894717
39395334
27142209
36527864
35355390
82848057
85096657
60084608
22209138
37112172
28121089
50645914
31968696
27069216
28767459
88465145
162497045
113135649
23533853
27311910
34800794
32198953
29857191
32927244
46521957
107073849
110906941
38601554
29583498
32535250
26783735
37469129
33451761
40112319
29912676
88144261
27754592
33292804
31325159
26578976
29086155
34328494
25290786
27623637
28445873
77679925
74011855
28490242
34416449
32161645
29372982
39621329
38142266
20221281
29946482
81554862
193456010
42448727
19974876
30730832
42578393
39673687
49992221
29357992
27351000
100538484
144814686
91645687
22985678
46422458
40738485
31090446
33046172
38705224
39655642
76685437
77984809
37132739
28655955
30408817
33674457
37214091
29895045
28435509
21750060
101444991
147202531
110242224
23762730
54143607
24641386
32487985
30858202
28004397
26608779
90798970
72843561
32270984
18716116
25235135
38788546
25614644
31931285
16088156
19582719
109017219
68119109
102125901
83919700
39000466
37365481
39329935
30419707
29707518
21877075
93046748
92154285
50149217
26132608
40666120
30214793
42489458
27346549
33528161
36795486
79519759
125264270
84594956
38467798
45666487
31721745
35214490
23512620
21371363
37024224
72432265
97497349
36124578
27686905
26277803
36714155
30932425
27862097
30409051
28530738
103864617
69835126
27333422
38380453
38804036
28385368
41260681
23644308
26200572
32975144
89855063
143887419
102091533
25708634
40856651
32425561
28094018
49329720
27645012
25205627
109187338
143379386
125769005
39910162
27240508
45899288
28939007
18200837
31889612
18934525
77747650
70748076
38241838
29155774
32661345
41754808
43593194
30977322
30599151
33019987
112672076
130891136
81156123
32640050
19303376
25122477
35835560
24209467
31305928
32225110
72105539
101898825
76424084
27128448
43060944
34997803
42208504
27644086
41200665
23126235
102960629
148014577
113389942
28286613
23201639
32364371
31539765
30844280
30203337
39242282
82569056
101910746
78108288
17066436
24594039
43936018
38122118
21036785
35868750
34094828
87245591
124609519
118886854
30641572
26356016
30921313
33051673
32198669
32662587
24287074
103913240
148207566
99485963
22352479
36979151
19173889
26280133
19432419
25317006
27808413
92054136
107498714
69285402
32220920
27881976
35690517
35610567
29361373
47026406
49960788
109637675
37236014
29374371
31970730
46995697
41497215
43856049
42341973
24260683
38688952
103169280
131979673
93780671
36015174
35297939
43434606
23572063
53446653
18974256
25151207
93469028
110662076
77065003
31806306
34320876
37358586
39751334
32513443
35787086
27869489
75812015
97867637
25378215
22711696
30106510
28755246
35260002
19524015
18549595
27350654
93300442
112154926
79321154
28653026
35539894
33875642
39395729
44572645
27418222
37823145
98472604
82619886
20425916
23321077
29612175
18972331
37260927
34817140
34429444
20403489
83414022
78145774
40876680
23538874
25533732
24393035
22475939
25621964
27355296
28876059
96199390
162263374
144873229
27377691
33253320
39544714
30707768
37062214
34751054
19947702
119475788
124547863
83607816
26032799
20456420
30895090
19689890
26832363
31180589
20512242
72326623
58346926
39609245
27376032
35571545
22010320
33017115
38379176
25867093
31237471
107117864
116703574
83534057
25864271
28486307
23193724
31292263
21982140
28520576
30605643
86848498
88445752
99746380
18247083
37662675
35375169
37886973
24122903
21473622
27892505
76365541
110111422
52047957
27029444
33222538
31836952
22610555
24098778
26527515
32581422
103741971
112588906
75577177
21415829
29255614
24458839
37516581
35966057
40866455
35610159
78876989
164556956
118049440
29953074
23695466
47441352
22104496
19077126
25378672
27991879
77710421
108553605
22217706
37684514
39873597
37898421
23904756
22234275
28735666
32218214
93968288
130305519
52543652
34818906
22640210
24271545
42473952
23864307
22980264
32814777
113338192
250536828
121406346
71213212
22810986
29234777
27822728
18177082
28609061
21961266
94934234
46763370
25310245
24586623
34919850
31973650
37487493
24367588
29946541
18987057
90084411
92355266
20959620
22010835
23823753
25567127
31289061
26241327
30166805
24134127
90214565
89058890
70132042
29599096
25216884
47639466
40510648
27806827
21615488
28234925
81273064
83406406
61966421
23042535
36775550
31544388
37578340
23477890
22602300
24928938
77588908
76190188
76816448
42019728
27512395
46584874
36279271
26722137
31821738
27837304
91458231
97630629
63423632
25351995
23788480
32966209
23183571
38618511
34854836
27439354
71745036
82732125
29104443
31859735
31022081
28195449
29428041
35422936
23616148
31603849
151408252
45134025
36498362
81550272
41442945
32550206
35960506
46342661
27809315
31017845
106450359
109068035
107747808
29580550
31894873
37650874
23986152
35720558
30115261
29124784
87422402
39765108
30432053
24717340
22405830
24602058
38410901
33082344
27263590
33690236
111820422
49905263
24513377
19055145
41242328
45117775
18273326
29548901
20216891
38024947
82316155
102467159
77607781
33235267
35288311
18766947
21922743
32970023
23213818
42070500
81338495
43973710
18849130
33937720
18324233
32875481
35503951
37740252
23534215
25953376
65704685
114818392
53560190
20059959
41941735
33974735
28551942
18459951
42344055
24415134
87020699
109504822
84668099
27070593
39057645
21708740
36393669
23187897
25943542
28571125
67514653
102107328
90494453
34575954
35025792
38987192
33952656
31260219
26214397
33017262
68231844
73918659
24292738
43042163
32087976
22784118
33160852
19231745
41804928
36678728
103166971
47235332
31271891
44019200
26337233
45149425
22905295
32547349
32854808
27147954
70161627
69708732
34739779
25563876
31396276
34031149
29835648
30873181
37991186
32395257
92834035
47433130
74263718
117229732
48040578
31962522
34538484
30836594
28764343
25990908
82149961
113117644
81134257
35362964
30107665
33385601
23635876
25063916
24006054
38669224
86853039
106246575
94229253
28522431
25037943
21898999
28464865
22737777
31976055
26107723
67821752
70291152
73145818
50263340
19908270
37446076
23448069
30194411
19590100
35431221
77703019
92018022
26134059
42028229
31787329
29900852
28588220
30750638
33025205
23562665
85073552
91921257
70345578
24870610
27612878
37997866
35484887
38015256
54073324
24433838
120860520
83855072
38216525
38891562
28237582
30690766
29203712
30846679
36326804
35284312
94303925
104252500
83323429
23963026
28192723
20978539
31668908
30539501
22466989
23964709
99967354
117889480
86449670
20115532
35604752
29387740
20766933
32026779
32101708
22212251
82377708
108240831
75028596
40079797
31641182
29952456
31003396
38436038
32311749
39504181
115557013
85027687
74353614
22177425
34765558
22467278
66050997
19864375
29270533
39509956
95183479
173822571
139216744
26863658
32708782
31282894
20900748
18111485
25113431
30617850
88204894
107079793
32245821
19051039
29977167
27495269
32956796
56373948
27980509
28201796
99504519
89579496
27027357
32904416
41595477
32673534
18748552
29171848
27006997
34031788
89187641
91198886
47705088
27212429
30192236
31284437
30970650
31649188
34555907
24987023
92428802
61924285
60904040
28640312
34129818
21379907
30254870
20556542
18666419
25207656
69390134
112147455
144637571
39761953
30418667
33436412
43487776
29864989
28737540
30620808
85814885
149991982
77170576
27533557
35386388
24068659
17900040
31717270
30768683
28952593
91368895
155533092
174772181
48269439
91990303
33979189
38423126
33033936
44204752
35735963
98743305
137009225
83474754
36826870
35718739
43328397
29892893
18911566
25397698
30773816
86826710
104781716
71206312
21948592
23235320
24763205
20810853
30207582
33071060
29486380
80355374
87068721
62002590
40777982
24636301
27917316
32446622
18411418
32264626
36534647
94759759
64954507
27761235
23559750
25021754
32903548
23684282
28428965
30481414
38100104
98666783
116573432
67073664
24804480
17941834
24591753
42542227
38008527
40148816
31059810
75577149
77035424
19157526
25661085
20896467
29531804
19748113
19465550
32488880
43905437
103303985
76750555
22980756
18236287
28875758
33897706
30417684
31951267
31226485
38013648
69702010
44348589
33837252
24853841
35731123
33581386
26670743
21514148
33472806
38469897
62878823
40072985
32937685
23939318
34588693
33776521
28023570
28183825
18400940
28799857
160237853
105764573
91864745
135097824
21484297
42201756
22806835
40803382
39244141
41235927
113731284
99288054
66113551
36108998
31424607
21521942
28287772
33108267
31336768
25351618
114136256
50579364
52050188
80303126
36464863
32321551
25854278
39948286
22206905
40978372
92992027
32977933
65791265
56807172
35198393
36233405
28428325
17567976
37322219
43352723
104522870
39818806
38774855
17708231
40045938
35769343
30711693
36874736
46483386
34243312
105596525
24013785
35729547
30809098
39893107
23909111
35175874
25535345
16924150
40849268
108867491
45812746
33931802
22034586
35883525
18382795
26895752
22801313
32306127
19992594
65885240
138213515
123481613
25845144
33256973
35792169
41886355
28372440
27345270
25506638
94224588
141918636
120607942
22890881
34442158
29182776
42737766
28543955
22859712
33724460
84375549
85423822
90423555
38913670
26685492
33289194
34105490
25071809
35904317
20852481
100289564
162600154
89446191
40676122
31392290
49513401
37127534
19472836
24857053
23257144
95571778
178305362
129441580
77378354
40917945
20743935
25304028
23352644
24922133
24404611
91607655
56009986
44990473
32931032
36631953
50833924
25352008
30976033
32548494
31195797
54263656
32119158
34840084
28976961
31795295
40435923
36647126
18691828
26070080
24322347
107010058
61448651
56087074
75025428
21995120
24490806
31465994
33951323
32206820
36720095
78041392
94364245
44124069
22155183
29204373
19293525
32588578
33079536
25932939
43585351
73877561
164507409
102152054
27701982
24862373
23935910
34027496
28265340
43303527
29744335
100072770
116425849
59097833
13002524
23194459
34781070
18672772
25325921
28589863
23032253
89173248
129174739
126070942
37485977
27751048
25065974
38160686
23369489
25438121
35534570
86661551
178486298
148194151
26901251
32953722
23797825
33639440
31453484
27067679
47577986
92536627
32415391
38047715
20248823
26484416
22247643
28905282
39330779
33238284
36022177
133062098
133453446
115826506
22442601
38057768
40701082
33700468
23917827
34213139
28324984
84020343
70236858
17632162
32867474
22631288
21475258
27781885
21846093
24878587
26932225
91363306
196404886
139032434
22267467
24264932
38475448
41792182
32278634
41840679
40311049
91205080
57285972
27829102
25868660
23923389
37278305
20634612
21550350
32269354
18601055
67153109
109573142
35360046
26398290
31727032
46870467
28660020
31336262
28622969
29612750
92659608
94066165
76646501
34659066
25643050
46516373
29539314
28367469
38212566
25033225
66825514
112426987
107467863
34394791
36152665
26535520
29551344
32800622
38197064
27863763
95275955
80551896
67976554
18167897
24571130
37639796
49147580
25154919
33951971
25226800
95189328
114660487
77518025
36221338
26423623
45616644
39273851
25741914
26573036
24589982
87605283
122083376
95735827
34909940
37474363
23227827
18205176
32345855
26484307
23720625
87553804
27698304
24787489
36434475
19024950
33164209
23654655
24559289
30927008
54317812
64552238
96297527
66452312
25083126
26606006
30058356
19315188
29387493
23838013
25176108
78745021
93843209
52795599
31126831
20963756
19311538
34351348
19514558
29342045
28148251
80214936
116801542
139991584
24491605
30780502
33338230
39740678
28767191
22308198
29399876
69181809
75729940
35210993
37210030
27070350
25825660
18761415
17278887
23562578
22809871
93500505
72786023
43234248
18372213
29048321
28180559
18027982
20044902
18106742
37597105
88729410
117458616
72998325
37942184
29802194
36153344
24487391
26875271
27641998
25707804
79138243
99150316
102162647
33058825
28854008
20421264
32374078
26956365
25605140
23914058
73305396
88397230
19407085
30794522
23659538
14510866
33155828
18045813
25509848
23273032
155351833
57619528
34185321
124962820
33989689
22316090
19593205
17135511
40052608
30327077
60952538
58960761
34651217
37039872
18666013
21161790
20203094
42346707
19889807
18204365
87557258
59968553
18431296
21543993
38259479
18573641
25537317
27002348
24847202
27046116
85895116
199413151
53648828
36479478
31468475
23323526
29837483
27412306
34333809
28229925
87602200
85818597
72827742
26131899
33911997
28959792
18607688
24948380
31145394
17950410
73942120
92345797
48932712
39519540
18210158
25543750
40162996
31161787
36272990
26841476
93591589
112045935
38953635
34297139
30949333
27185694
21249691
24033624
18211045
24498382
99994900
117815154
85366057
33051300
27301688
30253589
44335435
26595785
29372713
27989514
99001193
105450132
41620101
26835018
24159653
31022964
41860244
32360726
34796306
28168733
75323220
113846936
68050964
27346511
17551463
32864745
23564349
26041918
19184947
25410525
88897351
96114482
33588681
23195005
34531168
25733851
51440342
31678079
19019399
24771217
118418454
73132269
52177839
19078195
25366462
26940179
34080992
18371890
21740890
27073925
102954052
96814126
24078264
30695998
33697460
36135330
34633593
30338249
26982958
28148386
87578195
55798723
126160573
32448792
19158169
37814954
23961772
38344917
37679449
35038487
81788360
96046080
22593664
20390882
19249738
33465172
21951907
36697519
23577668
18697583
85442567
45063171
27606171
17349305
36618682
39830441
23953415
22554257
28580022
28217258
101549044
126751617
105365150
23138130
19149185
33444096
28961049
28952122
17622433
40267934
96392346
109571784
51405318
22474528
32496573
34280518
33671335
39599722
33029566
19162289
91276724
117329204
84542256
35091905
34728504
24881804
26633861
33638148
23475418
28843591
102910008
99914122
22608845
25795747
19248079
46155613
28217808
24809223
27643636
35720007
76511017
95341476
50890781
32802161
40788767
37546644
41571688
27732787
25810064
24452824
105008147
106063821
121085606
28100725
31489642
21432401
24243501
27104542
30634161
24368474
96424087
78010644
53996156
24673465
23131808
30023618
20021944
21858824
33475040
19367058
74282988
89674704
52687969
30770235
17822870
32430192
27783118
25119981
19415187
45337888
88950632
103201641
66515030
16499417
27554367
29529139
29967761
36171290
30131913
29420073
100257771
23192846
171162730
44347291
39611812
34981052
26710298
23625437
18551330
25490292
79101187
73820723
28503657
27817125
33718200
23567264
26294057
25638805
22476005
24209315
76146259
93796235
48918080
35770216
19020865
29584967
18583654
24251977
27333768
33507288
77294540
95200075
46031846
33464740
29963052
32444194
27006268
24757227
26891925
24107192
63128886
82261851
17947781
24358631
31026117
21377912
29216823
23333921
41707530
28714734
119969739
94853524
129996938
40969665
39678780
25727319
24195468
35584719
34019869
36696651
68116844
38371015
17703675
27959646
22199330
36392962
22556535
24845424
30638145
21311211
74237644
140268286
94678565
33595797
24043274
34235698
24801554
38200044
40451709
26515568
93620079
124263564
54310581
37804430
23510117
30681042
33095798
23786893
19150858
25352540
79193396
85648307
26581301
25204780
26132821
17086693
27690098
25455205
23492571
18830193
74798161
60646530
39316386
29893410
27337407
25433351
20063743
37742144
40659046
31436879
122329029
33328557
144067847
51854058
25636468
23734089
28335476
24102275
21603548
20039609
99740085
106124293
60005493
22906546
17738369
30234422
18718909
33432287
36571344
21915261
74042351
136151348
78401015
41691308
32162827
34804272
44032631
39483777
23109160
42192278
73285937
73931654
45514880
23258609
23763163
33134745
32661798
35973483
17855698
39302751
