117283509
116779446
31745153
22363576
25864881
28546110
31402828
53322100
23224204
21367627
36470523
135839233
74630427
39902720
21096755
130582437
37598177
23201109
25432314
24790166
22529748
87156267
29406270
19621312
30824814
92958984
23628521
18786618
32831183
40735169
38421169
119851537
53024643
33906643
31853941
70145507
26117293
35452208
22509067
21494800
18141980
94232923
66993402
46211561
34324053
89374359
48027591
27064153
15922500
28104029
41452300
102155167
40559277
35589689
79242617
42703454
33023494
26254415
47724208
30120686
40803074
88366617
47817954
45479072
79004066
86643511
29562452
34410521
20798809
38565008
20704139
129287492
52150520
30857673
40223202
62486615
30478042
48307683
33698477
30582775
33298790
92367226
26400784
17848774
43326899
25964468
30056556
45502858
14821198
25355580
39263564
90200873
28717009
31109572
123902893
24603779
31896276
26230683
21494278
27511936
29265024
99318132
33769789
31732552
46199485
29148655
24030505
33219274
34258408
24397861
18064127
83246033
38874536
33246015
115082246
46754351
41110736
24367557
29034310
36306112
25632832
93129457
47568227
18928974
100022545
19959485
32873518
30770702
29111598
34693080
34489670
68846190
27290825
17833977
108834609
30777762
27695610
32746275
31668769
34463621
53070340
103617023
40772199
42924738
80563806
40619037
22835620
34889539
20504401
30446433
33238872
95607803
36909298
35719096
89151638
44488882
42240543
41189694
24756041
42381651
24739355
107824789
28827224
27348864
52502476
35406120
38809962
41633997
44317811
33206635
27979557
64977307
29663422
54623820
29376329
28855152
18788665
45926099
32927228
18751207
29171357
71313964
20933128
63476965
38219501
48890029
27160251
25300445
27612081
24863947
30910739
69206210
36349080
35149810
44713362
25008872
22994226
29773020
32239111
39151907
33447277
89652141
32504043
97508717
67466247
26365174
24534597
22965264
26214554
37806224
28354433
95534262
30360722
32448162
87761484
20650489
19411333
28864685
22678937
36756345
39642024
90010866
27132112
26518442
116393652
23283323
23171226
32432292
39278725
30316105
34703923
93725241
23279710
22162487
71899875
22723322
51892884
31340170
25553534
30616955
29385219
63526122
34410127
37846071
95447710
21580900
23955552
34473793
28045432
30772221
28642890
92897687
31472678
26650941
73157960
34419068
30373717
32802144
23615635
17858139
32306683
79707321
34315414
60375545
26993342
33215819
27907614
38142524
24649364
21843414
16451095
112762179
29764651
48139153
28012329
30672592
25142288
25714976
33574766
30274244
28459200
102437267
39207276
53522240
16524559
18544531
25783848
24073885
26211364
33181375
31624513
73114149
43974046
54050279
23905192
22558808
29056678
29120647
35484797
37376709
31276871
98557678
30736314
32613578
32000616
18244307
24085286
25646490
32462096
18683099
24787661
80020408
38969004
23558310
87997949
32540216
32746994
38393244
19754407
18570048
32438314
105115748
29308216
44118885
55249119
31147773
21377308
19287747
33071462
32141336
30548598
100089108
43188975
17563869
51815449
18775117
35345575
39675104
26627579
31281734
29173768
96382103
26499886
25369245
35528905
33640538
32901121
30597537
28755748
32606335
26849123
83338571
30045976
29078778
19003440
18232395
24284623
18537277
24190599
19004034
30118415
79273500
27209640
21856292
41031100
22796311
32646469
19554463
17185573
20145997
22211560
81490301
59971804
75456913
78719998
24644306
28447245
27738922
31519536
18236580
24252989
90841382
52092652
22815953
85231213
22265654
17563672
31449932
37026015
28285077
30065263
113300966
71281503
22973310
109778932
23276149
21053067
26835566
25232682
18572669
24687023
99033657
54867852
44516681
53912809
62549994
24845207
27447099
26922430
40818327
22133119
89394895
31262133
34268892
114700475
44293711
24928329
28137202
25774370
21156667
21931291
89629436
35214340
31365354
100924920
23608160
22857271
31414457
22352959
24521254
26371763
84666005
19175566
25390358
63887325
35429326
23091811
20841432
27374886
25725450
26892005
78647256
24978420
28178831
77166057
32305441
31496136
32927329
29902138
24653575
38647882
87111195
36428564
33161934
43433598
38208957
24505869
19504019
22749519
19909025
18206760
97214836
36377706
18748841
49001944
31636297
26827051
33358089
24223176
17432052
32498621
94129760
27928385
37781900
32729093
32375936
30706536
20650814
18229904
26394428
36121381
64520698
29295081
27663145
36467425
19591486
18976200
24858186
27704916
40561463
25028819
71380100
26434131
28641539
32537437
21155162
32092080
23052793
24375143
35928799
33869279
68090778
31806694
24938215
31303195
16808793
23413064
28941960
27050633
36868619
31851210
81268805
45121093
71688698
17481732
42121460
28374830
19198645
26615512
24018069
29925842
88872416
51513982
43044372
67804675
26630354
25655157
19716634
34003533
32416058
17875465
79848542
45965741
40873378
67467319
34873409
20820077
31878960
34583324
19388630
17175965
65064575
35095082
37240777
31975181
17455067
19502652
22248185
24231272
31054704
41263975
67118257
38237408
31055938
26481282
24321708
22044413
24261950
32943669
18966245
32351963
89415578
29950744
29051008
23667394
22291879
17374516
32229694
19036588
26030182
36109731
102776193
29063028
32186675
37762194
36451114
19710209
21775878
24346825
22276326
28260025
65733526
23017981
71739035
26156467
33779062
31812105
26755663
28389993
30823858
20687090
102672187
30609876
25373411
67111448
30017804
37879549
23529158
18154795
28181907
21733920
76565607
22713328
25431861
48214841
26402265
28691104
27544592
26590922
32803450
22328317
59848699
34373818
27016062
32444555
44123703
32146556
34906727
35719496
18608847
24338616
66705372
42453821
75558732
39505677
30797685
20703194
34501630
27745344
22692855
29075123
105172545
27248151
25700170
31315036
17729149
24747184
18861631
25369489
23827575
17924354
76890793
28020385
58891917
71072610
49251038
25299191
23431890
25627231
35874953
26179225
71379123
28590556
32956527
93586063
35492124
33340060
23128327
27316723
43861154
18863362
74901742
34853615
23617366
90577055
39321051
18164277
18029066
31355142
22726418
20605487
83743649
41961404
31895672
96411870
30391579
41465484
44300191
22644173
43702069
27544217
57958138
21194523
22482322
101266284
24133607
18774809
17390176
23488573
26824962
20054175
72067896
25160834
24435837
57024547
44687911
26692223
28821052
34766037
30616082
30451299
96145113
37876751
40265878
121684674
16770966
39996210
18445606
24544276
18426998
18088975
73149129
25572160
23365447
95198821
17330427
28604572
35160086
39692954
36435893
31547581
78917767
29285183
18858813
61157719
28314067
18684155
21529227
31462632
22560219
30020869
67321955
26230742
40247674
30606705
28892100
19563967
29616671
28555169
31548711
36472946
67673986
24912880
83721025
30578730
29753957
26759559
20733278
39094584
34825607
35663567
82876474
54521329
19349172
35081041
38481310
24495373
18880381
26711383
24661543
18403026
81872172
38215946
90323127
17531978
28279498
26380827
32893141
32398923
19892307
26906353
94305210
27202708
34622290
58098640
36101322
23197422
29543950
27244132
22354198
24754298
91395157
34494470
20222694
78725327
32934209
27919117
25474683
32266028
17223458
24489468
126482146
116533821
32707002
126401692
21760428
23878703
30514153
36923704
26985767
27814204
74684306
45233650
23734316
65436296
53126019
32238541
29625849
32101820
38358528
24556372
94936458
46932149
24551422
60349632
27873822
26423301
21584450
31577558
34710677
40688654
107379229
32724338
24702595
137030952
36216833
17087160
31309736
22812425
23566493
30211735
73060675
46428434
24580765
120636670
24149954
43158007
25143970
27685026
29711044
31277968
83889717
41720886
23472142
45613542
33294522
38012086
28960446
26847038
27455829
25478585
92643072
45365442
21787708
23862981
24843572
24311504
22448562
20668199
18675190
17246054
80613970
41093375
98038759
97314928
24637802
18745431
21115927
28155374
33410916
28169439
103386213
26089737
28390416
93689708
20990254
35183391
25763561
36397187
25822545
27828369
99536063
33267684
31374056
73655799
24121581
26931521
33659728
18850621
34204841
27615882
107312984
64844532
43068430
103107384
28699580
22941861
20877329
24093514
30343545
36322913
76014744
42749542
32962456
135671380
36704397
23003927
34160647
27024803
37448195
23748102
78437681
31897872
26252402
100657652
22932117
24710800
27541220
25127798
27557147
46292200
78083660
35272766
25610794
49324856
28434187
25716645
31955585
29799442
25392252
30503356
66978853
33731415
32218984
74825931
31921994
32833509
22621480
17522753
34188721
26360668
106295093
36019899
33111707
72676108
49047776
37166536
34309751
29014820
34131131
30928872
70242872
37228114
18996283
37280871
20939709
19732777
18229409
24175845
18675901
33595420
83042762
23743102
36012927
96054448
18713733
34596253
23195756
25154221
31188410
43693227
102875803
29059100
26072302
63801960
34985400
28061640
18257551
28707213
27056982
17493243
80630671
20032049
17514979
65068111
25005024
18016573
24673250
24366813
29671862
19054119
90115859
20216086
30115107
54198149
20259077
32944235
29432123
26836979
24999777
20671850
102429070
25900284
24032156
26360461
24232956
22992438
25189996
45121725
24057211
29380338
84628121
39483827
61317784
44384446
23139946
42373191
25289205
22979567
44982731
18695465
69551982
36627157
34806407
25799974
25072149
18045869
24982238
30302291
32944576
28433376
74755397
49250719
70794633
26002023
21322868
30329127
34021485
32705875
30575613
24955821
80790404
26232742
39698039
26313771
26849591
32639874
22106760
23851402
29861882
24792333
81093317
43567648
74235509
20900153
20742084
21967201
27786063
22217954
26087016
19689818
86652631
24543311
31735443
33372459
28754801
26703189
21211555
31704105
31323675
17090089
100242253
66896324
33298656
72361913
34828026
33186874
34944285
21351659
31823587
26243866
115371047
40097345
35652708
42688323
21392081
19975381
26758251
32970944
19204213
21979725
92369143
34982306
19887027
98299564
16421794
23722409
23054041
25554018
35208494
22964744
79868123
26077305
40677066
55142065
25849629
32162795
26765393
40093589
23248879
33034434
79209394
32963458
39884801
105674575
32621278
26138765
25391470
36015928
31536788
20255905
69447660
32477125
19076875
64198605
27651803
34549375
23144116
26227441
21078755
35257908
74904982
32995778
31918916
30984343
24435327
26916467
40992747
30368235
25829198
35608886
77336326
32801607
30437315
44607512
27711354
26746350
20593457
26995708
29541042
23587968
66755130
28338778
39426221
90504867
31439739
27714098
22459748
31699424
30315014
43554229
93813480
29213393
29020546
80469503
25457163
17281396
24255805
25016079
35409149
24114985
79204297
30347826
32769693
55424707
18330157
24100357
18112052
40569738
23090773
30143184
100907708
25070030
77608825
28584544
27868329
22399483
25083637
27249557
40730962
27257101
129649866
47298969
29661132
48607610
31694476
29874437
23866413
38218303
33148304
18622250
83975739
46571027
35167997
86822049
16088270
31546261
30987482
33470550
20576485
46778887
68442185
35938701
30746267
45745150
25098933
23896537
34494332
20375751
29643741
20821807
95773032
60773839
18397464
73738398
40368543
34692888
40832710
19453974
32811441
22911512
71965671
27132076
28300450
77623924
36781641
22530223
32206403
17948733
25030696
21385353
72460984
32697533
27432994
48313754
38565289
25357662
23171478
17311121
18676986
17129787
69588224
36552941
22050918
22868059
34225446
29414350
26040089
28612720
27412554
28623330
81766086
38865757
62104588
28911252
24529857
39095930
33843160
24719314
23862298
76792876
106293267
112094118
79780959
45173358
19547691
21714791
19927344
25129419
44175283
47420163
109511657
40151228
21742327
43932777
39352607
24505961
30608232
28252850
31080312
26723947
73037568
36158411
28205472
22495010
25126639
31730860
29722460
27866222
24025822
33297552
80113961
44439998
25725045
46402764
21612502
32356051
43067518
32610092
25964754
47651877
75502696
21318671
40520744
22835163
24443125
31311120
25255240
24706584
35718716
37573117
112100187
42890553
47940133
94910720
39667272
38535666
19374146
33217120
36005060
24477240
106459196
65352450
40245062
149985121
37112309
26674177
26462564
48682322
38736227
32550032
94314684
39345157
37351614
94915622
29159231
35506650
33934096
22732790
30014417
19619878
88617810
22431452
28567514
66233282
29693003
33015100
24267539
31629628
30320222
20098636
73971674
36818463
31349069
19953904
19233014
29564567
27777044
34540516
33028567
22724669
98300353
39874325
35345740
28136999
23912929
30863491
27567016
24019181
19790751
21758071
88583026
18785354
25563614
59513868
24847864
23196918
27603822
36863345
31652217
24523804
105572821
40545530
38011689
48114550
23213156
26337135
23165460
17086829
19246609
17246335
76519876
49030410
27228128
17129430
23673467
18466973
28955541
26504604
24874356
19038646
80090885
35557820
37005695
30609481
25704145
35945516
41580706
19864829
18342981
16646779
82442984
41003790
74554977
20674109
19198874
25083907
27380271
33076552
22752352
24616691
70551200
34711122
31399024
25023049
36302210
28414707
21050288
23593715
19587476
24223635
68609104
45807469
32051634
114377992
24053750
23569706
34173364
24303656
26095444
25008307
79317588
34767624
34740016
63801326
48974287
23543129
38116351
23780396
25635556
27300976
98922753
25614349
23250464
26388878
29181093
27776648
32435819
43013606
17681943
35901362
102953541
17187394
27744628
57575571
31951129
19526920
25079580
27649550
53803469
39207347
102875173
29484002
33129622
66227323
33755091
47760454
26381502
21343192
23735559
22388254
93220853
23643336
26030829
32364741
18999432
18340762
24883286
19810938
24404901
50291656
92202115
37887686
21535766
22436598
25582031
18889154
18418853
24536437
19174121
26291247
60895991
22784276
65761298
19993261
18998573
33926929
19203331
17413799
38598517
42027936
81708607
40970639
50837778
68645309
23812650
26969627
24255409
49507691
17868529
36310182
104846237
37962300
39580037
50798061
28653137
27096843
39303195
35953855
35740058
35584461
103115614
32240129
26908378
51236106
17186468
23690530
19177711
25583172
34986519
32048139
72296979
24400404
28443780
140536639
45618064
43754809
50218436
34233827
40154794
26110116
68370887
20025860
52774561
28900247
19560432
18301809
29538707
26606418
17863229
23923469
71867520
20011944
20703686
68876813
23670522
22737518
29574789
30397401
36428306
18319894
81394010
36552409
21788007
88248549
33710808
37661704
27990055
23188067
28503281
26822202
113824817
112822378
22600994
70082914
32691236
18195444
25013574
18944689
33831201
23494513
90787566
31894974
57733164
73951132
35800348
30477522
19607996
18007378
20809433
23343464
73535213
19668209
19483584
28352264
21950391
23875833
21533444
23795397
18747925
21434830
99799460
24232286
16436456
23489997
22679675
30160345
27929221
31301050
40420451
34753097
85268798
47915771
111358712
98389452
23158758
17174318
21275733
27254026
29196131
23990366
97622823
38710646
33955204
69150307
37847233
32329549
39804643
37185376
26809139
17389775
75201358
27031872
26118045
49121097
32438101
32144427
32624666
31232630
26255674
27015784
111264960
35431993
25067156
47081672
29368729
22578428
24072158
31023401
27091257
25839687
117937227
35744179
34109722
32521165
40496030
29278495
41091616
31892384
30503027
29620382
72135511
39697739
33217345
63308852
25372630
24760284
27775342
24262555
31017269
45232971
61998536
39438906
26204624
37827330
31909433
21828676
24574873
17494282
19267998
22321004
91445767
21289320
31331268
26730942
28362869
22742276
32784885
35054763
22907001
46045299
93616166
36037551
77893864
37399728
23425394
46032739
45673982
35404084
21851326
28094261
91081796
41858148
37081037
23344750
17918870
28747791
35574885
22399487
28598564
27015657
81208968
32396033
23332412
66447653
39681273
26735013
24623254
34006029
43652668
30860118
80938215
39772059
30528802
83191083
38067914
32972170
28884100
32819037
25807602
18445605
79525196
56244086
45881335
64426155
26086728
31844090
45998763
28913912
23347697
23128058
55640644
36000115
17109417
45199648
24119018
29867656
42591034
15060119
37821401
32292380
95735615
30581029
19000399
63760065
39235223
21347227
27621646
39027829
36159713
26216000
100926476
54747327
33645725
84481224
24896598
18912273
24805858
19514457
25038557
18795783
85341447
39155268
33122707
119708677
22065631
24361041
23005145
25069135
32193659
29654362
107485559
26548123
24365856
62646380
33215620
31217562
37608571
23334548
21588316
18739853
61109111
34571642
30004057
51177922
23858850
17839104
27956041
31654613
34101126
20065675
70676695
37679916
36811009
114755904
28607586
18789874
20630380
39961652
37115980
28709437
110674408
51394517
35844123
169518900
38081219
35115331
22136012
35817381
43545616
24617758
76664559
28916112
24888055
153931946
20894026
28779397
22270080
27885648
34788263
20407122
74967596
33765236
36917674
21253118
32582182
43555237
33815220
18714729
19968206
27651184
118091664
29036966
19042838
25709575
28133413
26926579
36159113
27146409
24764619
22754243
121024667
20282221
23225887
42645814
28903645
31725620
34385421
33449809
23122369
24281568
119060158
73534759
68049860
34696072
24475902
18511949
24867107
18846795
25735599
28605560
82994578
35486199
33330313
61551575
33710341
43667614
20097631
26547931
35856779
30795831
80954717
27614031
26816496
52055589
41743493
45282367
24420811
19245796
25136440
24437069
80298904
31886906
34223701
104364126
18156465
17008040
34145276
30378240
40275343
42839632
93845097
32453156
34977474
93826071
29732475
48917760
18239852
24291240
27076256
24562035
81239398
19180569
18402094
72399945
34212976
25946710
32301198
33559305
37924375
38055237
67703231
24547334
25693754
57435906
35475137
20928429
19631187
24671432
19625162
18539996
86316236
24237297
25176947
19042854
19452428
25619460
41528484
18176650
25178831
21489613
61723620
32226836
95272157
18503042
25200272
34464257
23151821
24592336
34086164
19485671
83343217
26197500
89799606
31413817
39867246
40441612
35054906
23091701
24195845
22406480
78617557
25496492
73879305
26798927
12663801
23602447
18006497
32103261
23286590
20751398
112511715
106580130
23514168
67349087
31192141
18328493
28580176
19297214
26386691
29164719
71548619
30005618
27990635
54264490
32859211
30828602
37909163
24373684
22609454
24981007
66016595
34307863
23457145
17571790
25503526
19839963
18088716
24573397
30267180
29733422
72785824
18629447
54271677
16653672
28551632
33257343
30449417
29094799
20448092
26713528
63933798
23401852
59134166
38161621
20351327
18698571
24427792
18333153
24897616
22678572
76430279
16585401
43620330
25768826
19571015
18532476
30085950
28131556
23992470
32657379
69820893
37146027
22486292
21223584
19286159
24915257
23900670
22474631
38046157
23680216
103584494
44363395
34853640
36643447
35667160
33939426
32062674
32807286
35027726
25932211
102319694
46824629
62020908
29114344
27315719
22926165
33591487
23287850
31200421
29212009
87432553
26857385
31681840
90377004
31209440
29693790
20331424
22927596
29441243
20154512
90474608
40325124
20102179
68610730
31382047
30149721
27648076
33720333
48062551
17406547
68787480
26898246
28256302
55137046
49941417
37470702
19109069
25091243
30103848
32133748
76667315
37380637
19269328
50769038
20327560
31059530
27707853
46397830
29144147
35002656
81791285
31883090
39079965
77435977
24178022
27522680
30059852
28129186
26403356
24951358
103545735
26916838
46807288
48314453
24019155
33477392
25991854
21217317
19227862
24697981
101237507
42795814
27053204
36517929
30750875
22279441
29192690
46756326
20974617
23183729
69479933
31707374
66420206
28717685
31257128
29596937
30418727
40578447
43198376
23953163
90511687
36170025
31566572
24455521
18609209
17335090
23488346
37349747
31869486
17747091
77511119
39950391
17678697
31767570
25850021
24514369
26400163
32803063
42859136
36536280
134455679
51803283
31869832
69862869
27715616
26560536
29402050
31337369
28388959
25193101
90233679
28790302
32226224
65342372
24165897
18134634
24407679
18123326
24949098
19302065
80456192
26164646
36272538
52869135
24423533
26105286
28767112
34866278
28242879
29956042
84878675
35326323
34642176
50422404
25592284
26486018
29220276
22820593
21237272
35248287
95227790
24824275
30400720
48089192
18921395
28862590
19538039
21785328
35981260
18636683
65528586
19762781
22949390
82856320
47638225
22443390
36917258
23162994
17868952
23493723
122799467
106696377
26205066
105390328
18075416
33239539
19696616
41691818
23576377
22200409
77253565
26231436
35288253
24735283
26798241
17857620
31977340
19307526
32674081
35053013
106305881
56844864
27803500
59874634
43658529
18585684
29231291
23072102
24730844
42675290
70899028
50016580
45634491
57947668
25777210
36953039
22956201
39582684
25250094
36341973
84188768
28828117
42973161
112929315
33317382
29756410
36999279
26675992
31025281
34020365
107707716
26372718
17936739
32257951
18291429
32260780
