153128904
112622090
46067201
56559592
23423523
18750396
24431351
18248097
24027801
25692442
19018952
101794102
43419219
74886454
61694796
30069596
46031942
36880324
34081680
29689567
49432726
62951442
45841653
27241222
83405185
48992808
29102307
22654321
26687271
25451366
22402492
77735752
31616205
31016863
75427391
49054353
37043482
31671942
29493339
32512671
30592984
103157578
43828128
18644798
36620124
40170409
27552494
28670205
23143120
25389372
27597149
105765715
27014757
20042011
34070598
21261197
19032905
36608820
36106272
36491405
30684396
86924424
39691141
71616271
65347885
29485003
31984854
18077957
24777869
18776461
33367818
84880869
44743128
30746697
80447216
44752429
25910949
23755066
19067626
17535975
24781786
80040933
25956245
28047734
29920324
25418512
36428035
26425290
32763209
30316420
49545561
113370022
24303927
50463765
18150303
24062038
33491314
32751110
26387126
27796336
34155014
76219530
42498812
28653944
28426832
25088057
24348606
24796087
21928919
32477717
18017395
84061052
53413147
34860257
36798424
27245825
21728711
19302623
14288690
29117246
32069661
77380464
35237737
23032304
44361073
19523690
36256435
26735883
25614256
28693473
22682210
94628598
24915324
28550848
35065641
29858217
31580686
29458162
34884552
17240027
24007779
86591695
36855787
47775493
50652414
24426207
18437114
23890640
26758483
19747082
22557588
97912687
40539231
38523068
16911655
36662157
22441046
21078325
27076222
29756800
25014602
71336372
21192483
54925702
37934487
20998437
31954123
32251878
33934904
35554038
35228754
113083173
37858774
84879833
30202688
26186434
23838302
17396492
31724744
33820971
19369989
93190768
29315122
46626307
36529078
36339183
26693872
25403071
22380195
25616669
19196095
97228424
27657543
69605643
32739454
24359678
26437499
32847494
23355065
25398589
24041195
109992211
41371397
63632966
31496639
25488473
27788056
21949757
29686215
18271002
25144412
100641167
45447642
64192116
27790313
39077510
32993334
23510987
37180653
31787358
29849814
101758475
56340888
34187691
57171917
36608610
23100005
25735493
40192765
18369605
23979449
70308997
29500463
27399598
97984169
42469668
22556401
36625348
27433057
33624836
31740223
81048551
45184341
22769014
73461189
28010014
27131393
36569134
22620989
25559522
23481141
114082386
44479047
26904284
30182911
40973081
39883130
18885947
28843520
35481890
37736550
97089646
19796942
22379268
111681642
22768915
17318906
23436403
26346041
36469057
34620448
85734593
24180517
28717869
116880074
42675350
33430081
31799990
21296808
37260588
23068957
78089970
40335601
49275636
112625078
18119421
24650443
23036046
33993005
19288603
18268395
72556060
36876210
31322145
104974397
31970666
19165023
32025141
26448554
33044735
19555955
91684694
26177305
33073556
115367690
25399671
25606390
22365553
32581975
40242410
43502936
80730886
30683410
32711744
114870983
29767243
24411414
22923937
28531068
26312450
27446567
100575765
29038606
28693228
64404964
30724253
25482714
24529667
17919820
24269381
30555274
75494143
41525715
21916043
23319628
33845785
31451216
21752058
19368364
26661666
32241853
65395737
28368144
88362771
45211716
24365574
19010079
17626842
24453563
31852410
21046334
84543353
33496068
32797729
29920637
26284346
34571410
32965047
27531155
30992388
28813799
92084324
37709252
31577838
17854639
30116176
27361629
29334916
26331260
29074329
19882588
95584851
18672079
63644109
28987816
26309900
26173271
26342637
41536197
22585428
17546435
88779460
23946752
26544301
53360013
24044660
34839549
24904789
18384382
24658263
19965780
129538266
100301677
27021530
49365279
23538175
17527445
36593937
30742496
29293711
27443311
74265688
37592131
64542910
28512136
25970736
25387492
26596068
24292065
31257923
44435320
108222505
50902091
39784155
80319839
26076808
32784893
20151206
18311798
24943845
19098346
74273256
40458183
22614142
25526392
34743436
37691542
19275874
30338951
25672800
33425375
100512010
29399115
67753744
39324681
29101857
22627668
45979937
35055372
21611951
32775912
80680774
42509812
41434264
23109948
26584874
32659401
35451665
28584922
25330831
19905083
97727199
58513698
95207601
32665613
44581522
23501006
25321647
27823761
25972734
19071639
81997291
33584740
27853087
18372762
22186807
24144666
23246692
22077325
20685030
23273203
113141455
39836313
16351206
58754475
32856433
35215926
30163930
28981649
30987946
25194661
90696939
24794969
84100358
25466839
28885628
28668906
26760144
20216805
23001133
29614306
60142097
23363533
34086806
52687464
28375980
27202801
35997558
32974168
20959477
22524282
58588290
17932568
28146892
78777225
45464960
32258253
34009085
28070443
29449827
27213227
99760538
41742441
38516719
81062716
44077584
50206089
26025313
19181513
37942198
37425251
120712376
31985381
37072539
60687320
32378329
35219277
32110058
34950950
21307277
31773281
99120289
37454227
23797712
42814729
25250637
28412651
18140243
21597978
22836777
33219944
76814296
23072058
29967800
100950610
23809553
18320407
32840226
30755383
29506552
28076757
99180420
48305291
24092205
97657353
36506662
23563277
18831955
25391553
35677237
21131330
77952578
36226233
18219349
104957525
19412061
35006060
33491294
19748907
19165111
17133304
104960931
34694577
21320535
82805061
25463827
19800842
23593343
21439770
18148085
27769901
107032693
28311563
20772573
63640263
28917364
27389450
32527565
34738543
44524112
43214788
94757610
33252491
35106177
65215111
19620869
17945848
23669139
19328729
25456275
22472759
80352202
25755082
34157305
40155261
27556165
25722038
19344470
29977464
25363982
14728865
90202925
25076736
38682004
57202053
36563058
19575477
32191520
31431890
27941506
33975077
88589918
30550781
28381594
30162553
18559373
43424750
26417100
32112301
38395797
23792274
92283470
21270308
41850879
22391296
39930437
25973403
32887802
30331992
24043304
38291276
129118485
48307409
26103661
50512581
19615443
30439274
39909060
27756322
40598657
46793285
70943193
42195063
32372076
117530425
24380535
18036115
33760129
31220149
20009797
17591738
73626679
22439341
33718027
109750187
39901768
31484502
32701114
33991886
34120279
32068502
91782457
32580555
30712306
100667814
23034863
19804285
35322167
31567277
49283597
19051631
96662880
36668386
22243101
96358762
22241879
33351411
26765248
24358804
26370565
24901053
94245810
46091876
21145392
88805243
19016461
26382265
35834959
33555369
23493847
24194271
89614779
39087754
56367856
66425937
26352184
19598588
21682670
32229558
26830992
41235239
88506023
23712742
34123921
46032091
23848661
18363329
24973153
27610314
31028121
20111716
96274690
34704457
21023027
55202533
31140889
28067481
35488089
28924882
28077716
33176058
107213675
30816631
28389185
41006096
33130834
66088203
40532708
50332132
28734312
18844397
89484913
45638269
35275653
38407117
34899233
37378348
31348636
28786534
26350445
20869279
84522868
22748205
31299875
67459255
39859095
20144511
32980071
39531138
36303374
31373261
93527932
48517466
23990626
20772804
24152796
21974418
18972870
48271572
27970215
30295175
100181045
23300669
98294304
28333368
28047011
21618550
31976547
31878070
21188520
24017118
93939863
29528385
26041846
73642509
35412564
20875615
31210758
30108030
32677851
26587985
140598002
110881118
24935513
87637485
22182228
17726788
28653801
18657655
30129585
46950887
95396190
65732555
36298901
70559334
29613004
32196141
29487787
26720382
25289585
22019012
99587945
37990339
24649318
60320687
42355739
28650024
31427226
25627243
20013384
17314252
87886296
43941723
42143866
95240677
21392724
40515242
41700117
39743200
34990802
32472565
128433813
70622553
18404431
81461760
31222248
29216154
24088870
45183765
19655413
21540575
95575595
26820241
25139345
33924431
34425939
32392635
30703988
33176044
31617706
23206700
92928519
22504978
56530996
28814857
31655388
30760238
28409626
31671183
21768770
26440160
89347377
47661651
38436316
75102102
21435914
31909816
41724496
28778458
26579892
27259196
81399543
36193446
31813077
80538616
45622659
31817947
38584619
37243963
51444001
33553726
114794477
98631579
28699915
110226612
24473259
23423001
30052011
27569291
42798002
48649014
80536200
36670035
30087002
74552125
31965049
22658881
29935365
31241971
25442488
24892777
107774849
21194149
31463036
30198504
25372259
31759000
26353105
32238360
39345357
36913077
104298049
23210465
73587110
32312961
26463098
32490372
18842597
25913581
27665413
28707700
105014174
55031817
37050677
67772335
35980875
51002486
25158750
26685740
20272616
19648395
81769696
36507721
19267934
45824408
45240385
26810768
31100132
43803457
30972896
44724074
83737232
21902052
22814059
29508928
32681188
19159062
44252147
23674016
18282792
25507904
125030641
34506843
24234749
89490297
48961081
31709720
41640951
28006509
21283506
28862851
124757938
34802490
37199265
54906177
27075324
25071658
26820043
28616023
27082313
28491238
91286339
21710275
32799039
66114275
25095885
17399676
28935709
27580908
25406017
27646153
79364699
30566684
37217719
23379745
18753852
24497418
31011127
27786313
26272974
35019417
88290509
51120094
69222461
27631468
20513195
32393910
18711608
32399159
34449907
29166975
91452420
30694099
64570177
40627979
43427818
22872829
32111892
27136750
36691304
23571671
87209466
33329888
46491332
46555446
25790658
34971558
33057008
31288653
31482836
22260679
107574901
47558380
63029461
45313382
44241431
17246913
20523583
19124206
21797677
23308646
99013066
28377764
19183227
20853416
24444306
42888907
18598841
24834674
18989007
33577655
74288605
41772013
80766204
34899168
32561544
32302299
29660234
27708166
33593399
31765479
75820423
29959478
25080719
35627727
16776923
23745274
43575336
24872829
27745134
38484575
121486068
40481345
55550253
30808744
29068648
23120161
45596486
29036062
26725775
26231052
77384907
23150295
21758191
29525493
19106682
50517025
41065120
33341028
22768752
40940275
99619187
34329474
24235405
84995686
31475453
19170308
17470941
27441871
25758796
28657936
63267157
33849940
36077418
53783549
25000781
38425423
24968372
27540536
38607328
37419059
104695109
42842790
25532625
23338384
22487757
25131134
27591369
26812608
29597181
26833884
88768018
44839888
22418792
32741230
27670303
27181964
26526971
20955178
19313449
24789216
87785632
29243677
75059372
25256579
40285949
19290721
28502184
26856457
27846511
25823359
79835582
30337572
30134203
26828870
18251426
25054163
22621728
24842322
31646556
30854240
83822940
35178869
37286388
55793384
18256808
28698865
22877156
25173391
34090293
20218195
70456996
25062277
39929654
105180904
35403216
21389390
25049348
23485748
21459273
36911450
88709458
21625571
25182624
91451073
17783120
25663492
27355920
25227698
33732779
27233083
85171763
18468908
29118059
32143229
35011697
41478928
26408375
26763987
38425538
28576391
100046349
48843378
56651219
93405661
16941702
28113468
15637861
31552276
17856815
24417115
119203033
115776567
30964635
68346314
20129404
27038033
30641583
28872127
27326444
29635871
103121268
27872831
30007301
72012777
34602251
22103971
24329075
26927254
21981429
23624536
107397279
44540127
32398405
90632110
35430695
22625463
36569274
31545362
29494177
28023818
95839833
17846769
37143194
79611491
26163057
24755305
27104910
32945140
19299684
22258557
84843231
39616602
30504322
104725334
19069124
27306420
29493284
27450204
29494970
27865772
66265141
29851593
28096114
90526246
28887207
28352650
35643121
23393307
26481705
32605059
70133431
28267113
20386618
93317841
40957700
39600737
26566103
31918092
23533915
19774890
91722126
29003284
27779611
99682478
25038750
32102910
27019649
28710017
27695052
26331913
94313148
44023590
28906095
36085655
44056774
28971089
31305355
33143391
32241156
17449766
89156348
19484508
17364085
33706552
31921827
21450498
27599734
21174565
36541809
22198385
77826200
23574973
71705438
36327986
25588960
23750373
17770371
27540392
26984792
33410718
64059590
44098826
30100210
27751790
39117552
22461639
28772630
23943700
28871711
14347681
80682635
64123676
33801915
32826875
32374702
30912108
31953492
21794784
23134302
22483857
117321346
23509651
27530091
37190415
25058353
29710668
35974520
30001641
23938725
31580453
96485554
40082826
52377854
77253798
28049601
30416551
31994558
40922977
27842547
26095971
81445269
45658617
26037417
43912581
22525708
28403565
34892479
17364670
24224387
26551411
93544026
23178040
69073017
32694140
31288005
25148934
25887578
20731944
40752565
22032814
110361090
34913048
25843943
43162596
25987373
32748262
31261222
28246565
26530044
34657217
97887682
35143333
26661697
34973499
17241711
23901170
39918432
25077274
23618036
29317039
103822863
28235372
29880047
20232941
18881907
21484140
31541800
28854870
23396759
24789365
71863835
25072342
31574823
26020168
32539188
31561105
30158138
31209762
30779818
20595380
105529358
39119380
19366528
47913191
24749811
33176742
26800138
21944207
27951145
29070879
89314010
36554161
22940605
30299265
24686322
17721853
24976608
29580838
18979577
24497368
101206577
38314170
17278202
61069981
20093292
27750118
28198394
22932480
33373572
26415991
81054780
30008086
20055390
17605093
24784159
20026809
25076531
26544530
32747484
19497807
119624940
42036058
32590859
50184571
26339916
48317529
45161123
30110889
18174426
34570310
108552387
34161793
24683857
70180278
35246882
40327038
27251039
34609266
41289079
26888087
106800114
49142478
20696904
73102227
22298496
29622895
19621254
21759411
45185767
23612228
75582832
38697694
22199661
105498636
31174569
18896086
35689715
40311645
38530422
41056324
72485140
30703392
20731611
87240154
33844868
32287234
22104375
31920822
23643521
28931450
92673096
24718896
26206303
63593951
38619376
36986225
27103198
28485567
23096366
29269966
74418555
33166899
23742677
113207865
20000041
31807900
34303299
23709265
22529130
31633861
80795685
27901042
35081715
97653093
23010195
25550953
18952090
37576225
23171095
25608230
67513458
16834814
18490701
21082092
25903672
21448249
31030226
26045467
27537046
26664472
80928022
22708405
26046432
43411957
22078026
33729318
31314360
32242082
26873353
31675081
100067835
29494692
22538853
41868896
32503042
31066112
28625586
30896192
23733356
18434606
112737939
28909903
34916135
29377959
32215626
23149153
25618425
29095471
34592778
20913095
99803197
26346711
67925682
21955857
25493364
27280540
40548099
19250760
21713323
28748348
100077415
26514455
25644635
31979858
17827999
27913092
30044314
30125464
28615195
34571869
103459317
50209629
32046010
74411962
41598585
27997625
26571262
24163298
19236599
25548653
115539414
21264223
24873060
91594925
22596506
41557150
24492976
27411509
31455689
29075687
81257912
18882157
21811371
95602438
29558696
25651918
27475698
29267489
32153571
29747113
80187678
35711194
34485019
29032561
37395085
19282837
30340584
37352539
18913091
27992952
69537192
35383665
18941303
28389687
30832336
29204012
38374165
58465221
21205217
27379473
97148300
24049526
35812629
102365756
24688079
23146744
33753155
19454271
33348777
30604136
80582161
30134311
38055391
115282267
21496693
25214784
31419760
37753963
36862596
35762465
81433602
36838609
36012270
126335883
50125483
33008538
26221094
32514545
37314433
45638811
101386562
40647034
27494088
96263057
19251714
37073033
24207031
28775489
35779375
26341348
91994089
25844247
28697001
54108198
20256121
26229662
27248906
23005352
20992853
31173200
103451219
33193555
19502596
49189844
19148152
24594297
26890609
25402247
35099871
24143794
98325346
53055424
35544961
37137477
39086638
18472939
25092820
23212917
38482782
26874155
97389084
37450009
32962663
31044664
29875777
28172635
30749941
31951931
34062935
29196844
104129822
19505953
35549764
45780582
24383632
18172788
23968698
26788042
24807515
18698667
89212300
19911255
33752845
96906287
29957472
23653567
22365761
23432398
28093425
22757980
113069119
43156514
25774323
96030673
26283170
32670082
30323601
35846612
20446779
27097587
95347805
32491815
24661626
48745956
27124995
26017873
26674401
24657516
25927912
32377077
87571869
21320204
39577094
58886450
33812823
24282483
27362495
28528468
36397305
42456860
71896231
31418590
40557398
129899859
29083534
40361810
41817466
19134494
26066839
28924331
94952069
48889861
18824588
36543014
23879576
28773508
30823463
25717827
20533876
25088160
92917268
22810567
22077796
82793647
28784604
28022953
33845034
28948845
42656929
36096428
106928767
36948073
23585320
69517650
32046471
21731051
23617232
25782778
25478750
34814019
78680623
32486594
27249228
33786367
24347393
26434433
23976396
26694487
31647218
54434916
99985208
41262810
19920793
22681190
38391517
22996011
21780887
26706794
33361896
27182996
81719763
24317995
35450812
52486713
31955334
24484227
24270450
25909896
23286723
17503101
91012667
38376350
28539290
31257837
17235183
23834213
25506308
25250367
23207698
17363633
79453189
21357380
23902789
18185560
32656986
27576743
25431282
23190980
30820602
34318862
77972941
52874545
79947873
41733056
20218483
26655448
24575729
19339757
21105791
18862788
75530815
42164307
57534463
126898211
25441493
27990033
26052714
34514378
38071671
23796459
106314785
23541101
34394380
92172738
22521107
32861256
32031965
29431907
35940042
23398213
86846168
31977425
30913673
69914202
35685354
31929361
21413501
20132433
26080561
28588929
79682825
54950173
43608185
36156878
17651552
24705160
20159825
22183525
37357810
19066275
117481409
72579863
31271790
68788093
23620091
18367391
23952117
18424389
24592386
18129332
77731038
20902169
26558979
61771808
24588820
22929599
21472987
41005392
23686303
25607027
116483159
100062294
18512381
81774113
44062456
20052558
32997052
34694069
34205355
30789157
96240527
42032063
36491199
63060037
38182527
32307177
18932054
24771969
19080159
36849255
127432259
42908220
18424187
92267949
30832866
25953889
28186891
26160265
28230042
31682672
105772784
36181926
23569471
51697248
23412442
26697040
32535809
34320174
23472963
21330456
130952732
69718918
36773691
80367529
38174727
17465290
27379845
20421092
26806374
26757604
73551362
27080698
40542286
43085443
32952529
31596650
26429245
24001980
26773038
24875982
73640923
26304306
39202452
57861650
32727747
25995457
22513488
29935438
26051739
44821795
148179241
78412187
45357657
108547477
22553012
25721032
18485720
23803582
29452546
23450412
100909947
28507970
23157613
78487437
32634207
25296483
29602422
31646973
32012421
30516119
97172739
24591630
26678538
56937671
19047061
25814016
35650053
22115409
32240330
21844249
106407718
48745063
20627769
49362792
36413813
22259218
20790948
31105127
21502479
24725277
87902587
34390922
23754129
74592815
24761484
26723143
29099985
27515087
31389124
23896803
89737661
32017068
22377415
64902128
30486223
24221890
18927269
25811325
22690530
28305623
96732973
36771941
35723800
56578861
32581915
39410240
29526146
23905921
26695259
35864533
72089097
35054075
21465013
35685320
22552555
32457425
26616219
36289459
18794048
31698814
76730180
29933201
27549383
21601300
24997407
29745820
20998694
26422308
36637729
31860063
107769530
29093389
36759900
58782653
30522842
19891674
26256433
25505630
30872161
19549992
99590439
18016571
25126108
86055063
35663394
44477229
39005271
31625190
51117001
32322853
97373273
38724704
44923126
121916314
25301179
36489276
26952720
29650699
32153796
22017364
64362383
22375918
45485641
99549371
17301489
18919679
41755437
40006110
18548443
23943411
100825823
51302476
22359283
76030352
26080125
29365523
24267407
18745865
39864412
18719757
73658597
34770758
32507105
75812376
25148646
30186279
25574513
38745256
37479421
34396146
103401605
19797247
34762820
81274627
43510784
17741998
25558505
22563197
24422534
26520649
71943367
25364782
36144406
89666231
21287479
40259441
26641136
21024487
35918234
36654737
142374253
70744289
23706715
97647455
24204625
34076568
28222231
27740177
42165314
28067300
112510770
59544867
23211509
84468301
27477312
35122593
24466014
30027122
24437798
22777053
92542587
34948361
17638110
110229683
47811566
29786508
45111598
31261495
30340304
23527241
79374297
28402908
27624549
78089706
48420486
34615748
33656357
19664459
32594598
22180627
99216762
45211374
23476002
106347983
25432897
27766871
22413249
24305699
26617747
40797951
67337625
29547361
19590111
85333289
31398563
26413665
28996753
38912744
28304195
22149332
99421095
35486748
22418004
88946272
34613876
26304035
24662273
39363640
29762607
23976286
75233957
48418230
29207503
107975415
18874541
25831389
29098495
26928714
25480517
31245921
110297109
52557211
28582523
38788584
41045234
20166285
24993760
44411219
29434810
27175460
70912163
25175241
27263528
81203504
44667635
31480053
40099533
22846771
21724217
32925021
