137325083
76573678
112874653
21757388
24274480
31105106
16744545
23849489
18215008
25060374
32477653
52298994
83525307
57789666
28064847
23025302
33806211
23558903
18105550
37086753
18841549
116668384
217742138
67627005
26262186
33183711
36060580
17617922
31418779
27418252
28527645
108331082
162370157
47633824
37790559
18887102
25267750
27265133
21437027
31714272
25846099
63984146
108755953
86818925
26062243
32802337
17247262
32423739
18277275
16584670
22815912
97690816
83633091
39093938
16717339
23680718
18552882
24552481
19148904
34347090
22911119
82009184
77253179
28815938
19715645
24856767
36071663
18775859
37044365
19183529
21719714
70284043
92054275
83109318
25268733
40677191
19263355
29069062
31841667
25875624
31434685
81003315
105412519
79211063
17521462
40136334
27026880
27136919
22176623
21657417
19989128
110725218
162478457
21644482
20568961
30688142
25338899
28527461
22417451
21451441
24264982
68421664
89682224
68566803
34069729
28257780
22595273
18411980
32674598
27775899
33611052
69891898
108037351
71461715
29962203
24334693
19336227
21984349
21853745
22919067
18109868
86030273
170899825
81433479
17024046
19014759
26187821
24362521
25687225
25159596
31399261
91784739
81594525
16759050
23976806
27633931
24313761
23369196
32015961
24239346
18106808
93607423
111226623
74413789
33272303
20599040
31096253
24156426
18103904
17284366
19136366
60870292
98218569
94901077
17819152
24189216
29735923
32212437
17794989
28396625
17838279
105320428
196718484
58302990
36417949
31565690
24187682
22780051
22257750
22939744
21110781
91204705
131797822
34767640
29217928
32386781
30988518
26794238
24417777
19038961
22176928
60763956
68721458
66652072
18177487
16288802
31811194
18653344
23954599
26566648
32595010
71018119
105590724
141320788
31679981
17911754
29115653
19017757
26327873
24805919
26027048
63076877
42207784
21155582
42028879
27028603
23899403
18223330
24402573
23174692
34573798
89933550
92979912
91656484
22058041
20877957
23452263
17718602
21228908
18984055
33792254
73474393
83328944
136805866
21648367
31545967
22193039
23794343
18414810
44716017
22739772
95262228
89528739
80466822
23663357
27261909
18261823
22938076
17319421
56841761
27538601
89162537
132750654
83085807
22238517
24632488
18689843
17727798
23223509
26842213
32581767
69161898
83359924
57123005
25748229
18434075
16033320
23803885
18501288
32561012
22965361
62914885
81467664
49839004
23142676
18083748
25285112
18475091
33949410
23274170
26852794
89985063
111796970
22963404
18044221
29004940
34402465
18948939
25340015
39948433
21729439
77553388
83005553
66984653
24339613
30576445
29379276
23240590
18318428
28235342
27433596
94261036
144704896
18739883
38544709
26435220
23358710
22658945
24644689
18662153
20804607
93690017
138465658
61855197
27012820
43865810
40760252
22524635
17028755
24329410
25218437
64828807
103935624
134793836
41123184
15882773
19306335
37638588
24829040
31569014
26165285
107774153
137454786
95151031
17283517
24067635
22851989
37788637
37137354
58987388
26353583
77913273
110466601
94530774
25194505
19432400
18000262
24603494
19771985
30462938
35474574
110159598
70307023
21317473
34985637
37249883
27888673
25578033
24257433
13375098
17632193
61207109
120116178
30039891
16589567
23422818
21663931
36712304
31618989
25154425
40276831
92289939
146896852
20534105
26030275
24725516
18750191
24638764
22809032
25712312
23392070
71889323
136642479
22901210
37956616
35941677
30552467
25265241
22947816
37216147
34109492
69930286
106450510
49158792
27592689
37103612
23076392
26080783
28950862
27433719
17576131
147953242
195091769
158482845
40449215
42504569
19972582
22554596
24300466
23309499
22355729
90317838
96134740
75648564
30949485
20734306
32987660
38094468
20504608
23039672
34039848
64857160
103563324
109851611
24592377
22504164
20778625
18833247
25267096
24385145
23876894
79310533
116210140
123514683
30802355
16403799
27576510
26118498
36364490
18418372
38209910
109531989
147069822
118343991
25708447
27834735
30911572
23931034
23352266
22152513
33512566
79470988
93753902
73057344
23955442
26082026
24867371
19196582
16852764
34074595
26567950
65331115
82351283
70276662
28126839
23461332
21758972
16066060
18928512
21424681
19296162
75213300
81226646
97938448
24253606
18790949
28234624
22147624
25183733
19188857
17352333
61137390
91799407
87141616
17448998
32924096
23617455
22717660
17427707
36766070
18179830
65500594
91403104
20502793
27028737
26006276
23780025
17807631
29775047
19640315
24966051
80034125
117596564
52933923
22896586
22210526
17545923
23683065
26213787
16915549
19184785
66505309
153702165
18148294
47762193
18836629
25234499
18612550
32215554
17714087
28434450
76986401
95894391
82926654
17960897
21345647
23511712
17898819
32612637
24144513
16426784
84805682
113832437
21758297
24253247
19004795
17349698
23173499
21841954
23910752
18922754
69351622
103157779
101920267
19926354
34728653
17254991
27698405
26923594
28623206
26208538
89202967
142165407
25893373
23909772
18489661
20852282
27277199
18408112
24774930
23062103
79824989
101499880
97041645
34971373
21852575
27342664
17345606
27094108
17912751
33181821
80851266
115118028
113660551
16495833
31991487
35670978
23670621
18520967
32149969
22791116
82688115
28327978
87884162
18075129
25582992
22933479
33013604
19179631
18350568
32840863
83637225
125361672
103944521
17952841
25675952
32256382
18170575
27578228
16982518
23937348
93326818
103464921
93974855
24436333
32347265
22162593
34920091
50908497
16821893
24291829
92284400
161379919
139781362
22489093
17097307
24287340
17933022
32837866
18649962
24926499
61977956
148386254
43077479
33924131
18027919
25990386
18027926
40374264
58570384
28332809
98353338
128648129
79498672
43070178
26157188
36202967
21881438
24344108
27114927
31035519
73774589
59693551
26639979
21808370
24794611
18508070
41161459
24974188
38683712
18021433
92157341
132748359
32147470
33297384
44505729
26724287
31401559
26277834
18621524
26058463
65308984
103403642
38876611
65988235
28024262
18533613
16685709
19287204
17463859
32810903
76074713
197016441
50010647
32391048
23432251
17940690
23570594
17767157
24242089
18715363
109875724
46901332
78586402
17347802
24386198
25931184
20413452
18891483
25085279
34976181
87957265
154474234
17739988
31766434
30891274
17713548
37820773
22533141
25079243
23381859
71365619
149410374
20532045
23857416
30714688
32899657
18373675
32544200
27519938
16343578
92575972
154826657
60596376
26294325
25616398
18500481
21915041
24329075
30665408
25114150
87574601
114681346
113601292
34626049
20092492
19242709
32053912
28840369
22426334
24260313
80129054
106170880
72290549
30659448
25749474
31967171
30246290
27343059
18557045
24086226
71582116
118778814
28734482
24915107
18030086
16561061
24193845
22367106
32078884
30174215
71197983
68290164
71293678
23988633
30340097
25447037
23187319
21872547
24797418
23561085
75183619
104539959
107576180
26684301
24341221
40272259
25094899
34814789
24579834
26648310
70295795
123779509
31709036
17908167
24675090
22996844
21563530
32099856
18013348
24681086
68410181
86733254
64878660
23061679
17857079
24351327
33463482
24512439
22867393
28293787
68011771
78412002
37137580
27387600
31236371
27571858
17477614
23846847
45086206
25039601
147936957
91384301
178530347
39162778
53335204
21251937
39926022
25443477
23550973
26258699
82708377
69030725
45547440
19713740
27868801
25046870
24512788
18054600
32328603
27734660
74547926
159674339
15916469
22896342
22453904
17065269
24341860
22659924
27256163
21729381
81700504
98082351
91958222
23515208
30196065
24699036
21134447
17824242
24283370
18996838
77595087
115556958
74840941
25186682
23289684
17440266
31331460
18456963
17475497
27242820
73167317
155331140
42154609
53543872
37664175
23281707
45459000
24160396
22238885
26007628
90246181
198482861
70486311
21262998
23531679
18032075
23960040
22053265
40900870
23231616
88440429
141399999
55622421
18284375
16969448
24137085
17475487
24402473
23226644
17277105
80348474
127980509
83670023
32044213
18282382
24484943
22474282
32861953
24600133
24928005
70205054
50957776
54250200
24677676
31195931
26698893
25036403
26502169
25093178
18169058
82789756
88347735
35086502
26108058
23365053
42350472
19746119
18977857
18011261
24897697
66884672
131409804
34201342
25399227
32617433
19120933
29973136
23267373
29505980
27729077
95595610
117387280
79894798
22758536
39573642
24268562
22360115
25147033
31596660
24822700
68293820
33830736
109212694
24021933
18309201
24347268
18790005
21396722
32268613
17327515
109919673
124745305
39461199
32867236
18534553
22234461
23160414
26433073
27389847
18202202
92777539
125450932
102125399
20796535
20092073
32972432
24159328
18583864
32474883
23935787
71442653
70392358
113218028
22800284
18040894
16280390
18390365
33024944
18267988
25896168
78695112
92443387
49539455
17000466
25821216
19043475
25263222
18822904
24194449
32582124
82438200
109523041
107471948
23376249
25950692
24024137
22349410
23869787
34335021
23818900
91631340
105830633
84353146
22959974
22196688
23209264
17873397
24471857
18365078
28907809
72690496
113967538
54220503
23254232
32140502
27212283
29274924
23897817
25872638
33227846
