331604859
163399352
216372884
178770735
131019522
137046927
137675458
158699010
149486059
158921362
136019650
105110343
117350242
96266231
141463612
107923643
94206787
104827547
105878507
151278028
173924004
197510910
157413187
148224945
157747760
171663030
242624132
157498709
138126639
176961141
146198804
187735533
115612475
177647877
156355301
124966254
127057552
192056159
165243640
126165760
84410612
116388248
118119430
118193423
127875005
133736942
111661568
156934014
166111278
147881006
103511243
121088967
87494621
118246310
157531688
94793118
172852892
157539222
136399685
137493185
198344737
167794768
135394179
126706995
147617474
152614767
177658309
137216581
97659295
136838386
206241920
148019619
220043504
163290410
127796046
126463313
107538461
97498001
127357027
126311152
116140838
135023424
118666670
171339382
208875479
127783823
158014688
148073337
156529265
100117453
117758765
157856845
138249476
105974663
137750160
125408259
98151866
131641295
155631011
127040603
138781185
108121650
109031534
137235438
130509607
176567367
206855672
147800602
145744598
242105181
151088197
83455671
172829818
102592890
160078746
127560172
142933636
204684458
165851928
109003135
117313382
127669214
107902878
118092935
107656040
87041821
116505260
87992291
86288967
154518018
93385869
119262251
201646726
180505496
128546299
175738973
118373566
157971167
135749952
156823818
107466171
119612287
148508807
107464900
134112007
117936955
116418028
181065928
123942191
125569259
85824049
126325667
156696048
147154452
157651700
147596005
154342795
164988155
128212345
108721058
107462027
139381288
148142540
158967166
132210606
136284623
184062763
136875690
177865215
106940361
197381488
134737224
157317059
191722178
95711262
117211161
107311567
107867902
106622207
127652200
121631140
104339466
136078573
147010297
176031087
167252372
158352320
155325857
134657450
145404335
166950283
116403045
159598723
164686286
115271207
142316093
130307591
116702905
153200064
280900113
206662320
216480673
250956522
200494233
162810348
209455642
140289145
154826023
117861965
195394799
186689925
191873244
128956116
95054659
138457109
117914501
198003585
162930988
193337402
167791986
187822036
94325754
163989054
179395716
167242574
184578850
160692684
131507073
151235057
145507390
136828383
95968694
132427043
234801438
208327662
262326473
168467324
145705792
197632534
152240816
329341850
195909132
182596379
166281028
203869722
117304562
217492518
148079562
175478017
187339305
230975752
150071456
176025620
169096663
146626206
146454063
127646073
185915525
157129590
204498840
162131011
117153827
116458611
244872373
127967672
207212617
154740218
142158807
176906805
154907586
147736461
149312384
140946648
117891897
157746674
215876630
236792551
106291909
177463666
165974910
150921947
153925684
179715568
145809403
137189638
125751073
137807487
101502140
159115040
180353064
141274736
135068098
142429272
164751982
155745373
157504941
123900136
164331648
167936803
153084695
176263417
136199079
133326149
121229765
181011561
127644045
171539863
126962044
195681454
136570373
145974664
218213890
177886729
157167605
204983549
114974620
121290958
98616946
160438905
191286790
146309885
165301155
155697766
127567887
122877558
147470702
156369471
167449803
135000580
105591794
137895018
203604311
135979930
146584149
154667431
132692150
96833508
118156690
136931933
158697609
155828878
118031660
124746671
187860868
137652789
215912981
98788004
142749567
