432003171
172363213
164529914
114252429
207176933
175657437
200593904
162959263
197782764
216903624
222756176
161571335
188039699
197830015
186930334
220070927
191799644
211217340
182811252
144965982
173274667
179527827
132131118
173637658
134355928
124048881
151161516
162913316
139540793
115262338
231361191
210818624
138799068
147663514
116942643
177334291
220906527
137048836
168028892
217237662
129878196
123517912
130363646
153857836
118813754
157317586
127100106
188133656
166853452
187656352
190895540
124355847
243279691
162017635
207417710
127282116
116921765
154972072
106520757
157392565
222393929
118783196
148164934
137428238
144956135
190785793
163684659
111775491
96194021
128026712
107657569
96021575
85888575
143637907
200336244
114326956
211953907
147427004
153613150
117063101
147779351
106672288
126902327
205886525
187018260
97746034
105234959
114317154
170251327
126656713
198113821
174563557
144054232
103743675
144025069
107318560
97057829
175731676
125765615
103983673
166949806
156766980
86241799
136756547
138950971
208611795
113993252
115092660
107994804
108663417
123570200
121497583
127992754
95491370
118776832
146352444
127790605
163151256
145533767
187591438
169363171
131891240
143990287
108821007
97403568
126293803
162770434
166156758
136526674
157296815
152670929
171711545
136172172
135521976
156449227
124223678
135402670
133761599
152520217
125925525
173532389
141459552
205989942
193263718
157854348
126509714
128003704
135940392
108134514
127207452
108122254
135801201
177804559
121278292
158819372
139598835
193255195
159421354
140767012
186688365
200663139
162906615
131684203
143536993
139974328
163018353
135996763
145770226
175160528
127811571
169071878
156206891
107150503
127246716
118324663
120599220
118360676
196090871
196061931
166040672
137136698
144181128
155000813
96116094
87380517
123678474
113726360
119834455
133981673
172436026
116342749
117135810
117571452
136030184
116638482
165517377
118853775
126936092
158170712
117402195
126071887
179549313
217690535
125495589
234401821
106957532
183622703
142834081
117496144
194704766
123889448
153720635
144667727
124649437
147965416
161709455
186187317
164397963
154499206
184007195
125854788
183761578
128999300
166562690
146559857
87563706
108508891
95561610
148831097
101914496
116338195
116204262
166161532
166210956
107835500
138908814
194814385
140750126
208482743
147329132
119463628
301561917
102373493
139345450
199667731
157088039
199313351
166717571
197783042
207618138
196655252
172860902
210201887
151745832
220835223
181433793
161790984
162622241
210732775
153740373
160304605
150340240
154569622
172904460
177073382
157152717
146149813
153716709
164231778
224606513
192081321
175200303
159302995
165843693
130862323
166960109
152779433
188398341
204802041
179138935
92445125
133391217
118421361
213500463
189832604
212742115
205344282
117789582
158873632
118515615
195760166
207508926
165669174
145674600
155446013
158212873
122905665
193944828
158740973
134939651
113957467
196421576
117105901
138675235
196543427
126800145
102958578
133232449
189809369
125261567
136692382
162522700
217604631
146050921
136696487
202164923
127251263
155200359
160901799
201252265
149262770
157402498
115449263
86580435
116527418
137427990
176019034
175600591
177858798
152804840
180450336
192236617
118281380
198972965
137664516
145916676
186634191
114941398
147898347
186587193
126090599
116436210
107621435
97259391
157776373
127102049
152319608
208719650
149317604
207898521
113629588
176385720
196028476
155427789
167470131
115715454
186446190
195340344
147646983
172606724
158522472
163276417
104569655
145161304
141830317
177361947
198979944
94513634
147752382
175602505
137085935
248251190
128029616
156027390
145805100
167866930
108623786
176795138
165623713
133858604
121225476
173252007
149636081
136147887
87406967
117955849
109240537
117679509
126167173
187386881
96848533
197681643
165826895
127460081
143817017
150752074
158699345
254956762
202690387
222702534
190324950
185813907
142484363
152614035
139622927
119661222
205173536
126477691
115988186
96648873
186946969
176771165
217238944
146735622
227810848
165806620
153190720
172335791
189782556
162936530
196830975
171974324
146322077
195988553
157089294
245311934
138416870
202286498
177197714
156552415
127620143
97713178
136760012
146114674
128589350
177600871
176751554
136909906
161554559
164337853
126088833
201936662
200833675
171695017
129995829
196997701
145703895
155649698
185198891
130293221
156024131
176081726
156746196
165885948
136365897
96586689
146154226
96811887
147790345
167310121
165888201
254512479
211145820
187907285
177095150
162939309
134591917
126073690
177474242
180216668
148482844
148550712
