125205524
93553249
18762628
17427277
59322962
18179870
32752359
22699058
34204063
18854258
17249838
114723930
28283696
51686848
19048910
16998614
41074081
17303129
24372413
26696301
24811737
99176683
48601869
29740361
28864385
18115513
25025965
35583910
18205734
32307132
17863416
68008455
31917538
88529174
59996662
38819037
37069717
32835777
22542343
24066729
19090393
98306294
24539388
22761649
44992881
36243187
18686813
16723089
24398308
17731507
23475274
78199030
25545602
23920193
39852694
20141301
23477903
16957532
23785028
18560024
32238814
104893149
51714153
27625127
56516224
23586429
33374824
18436870
21597298
20749081
20847263
72104589
23251607
25092509
26565282
24735468
26577508
16827819
31474791
17818667
23790312
99201700
25700137
36805628
119235846
25928229
44926968
20285573
21667462
24240794
18593606
65993840
20511308
23908663
57795554
23714397
23479623
24779084
31475435
27715671
26960455
93429647
40897598
20433826
42148827
24369051
18451292
37705572
32047413
13539642
33219216
62559562
37263808
40188610
54188709
21161203
27634417
27112376
27786899
17643955
28968541
111926921
27460713
29011302
47274574
18278093
24684234
19434932
57705228
27955331
18916953
69864677
24709013
19029514
113690910
30835224
17774956
28362521
34012342
21306767
23325816
58507368
21068442
13285760
36883610
23246992
17963086
24743406
18491374
17655360
32421663
60059690
35067364
32340891
68146217
33211722
20421135
21275957
23574838
22433571
39582802
106348899
36345700
18602979
89174509
23373307
25281707
19893008
33287264
30977960
25287431
74213694
27729298
26744153
87507848
17667096
25930679
19300736
21946295
25135615
19494242
88352003
28049227
19365607
137039292
19075526
18135151
17125583
31543966
26787515
40301436
62452126
25608088
33182212
102307519
20352205
22997488
32272612
22584059
29177008
22279319
75603336
33794544
37673429
78934683
25097607
40761561
18955714
16835545
27953580
34211400
97020385
23780472
26833283
58775943
19464183
28934507
22980648
24902139
34691308
17643794
93046363
23142859
35451039
51282798
27804225
30515166
21527833
28306186
22786515
21751042
80680686
23735899
22393801
36907056
32987602
25145219
31666944
18223805
24791195
19027898
93557922
21207075
79669246
52684091
23338787
25409208
23734592
18511833
24517687
18514463
90021910
28887322
23805687
102045767
24516626
22339866
33302362
18374915
21369245
19870115
106943765
30420695
24104389
90400416
24762274
39928191
26255179
24154445
20174518
28225580
105387591
44571068
23988569
58203774
17822567
29289715
18792267
28897089
27830254
18028099
88606707
22983514
18506408
121116013
27059008
17138100
36721518
23544304
30755140
32280333
79794387
31948343
23682562
98080730
20057888
27353631
17033788
27882943
22105183
29397958
66759379
23037393
25194549
58160522
17235224
36394998
21763577
28685418
35351193
30405553
123792443
40339197
32909898
45672863
22347648
17617221
20776657
22430155
37042896
38674684
88891690
47988227
21312556
60834623
26876324
38216279
32836928
26762164
20281721
18965176
109585985
40745065
23084754
121865585
27980825
25681231
21283064
31477519
25674821
36937228
91674415
25963836
40990082
94780591
22115606
24925004
17822130
25768252
17603708
32376645
77740361
33303689
27905475
45984818
40099668
34597619
36672108
17828937
19657100
21069045
99334816
26842281
18127729
31745632
18940903
29272564
26528998
24326576
21547683
24544383
68220338
32930546
16991909
88678746
35026567
34588139
19161672
17860789
25027019
18719787
77658459
36316775
23372974
105898448
36649560
18570257
32926185
40623635
26694361
17648407
113477641
52933154
42855994
44498655
15741861
27758399
21444349
45037468
23226933
34725682
88361848
34549001
19140012
59949834
18650218
24899271
19132504
24995281
32535637
18411048
78869528
26442529
27061088
21349338
24694153
18174258
24703062
23203695
31635241
32870599
103162031
28711026
55981252
25461859
20575081
27745527
18368764
27576950
35246453
18119711
69382501
23818397
57079504
23247829
28474094
41474094
23404220
26600632
20505194
31434096
72690552
18465301
50146676
19768973
18207402
17232000
24394218
31271556
19321137
38034348
92409688
23209394
72737614
23083510
17494044
24314224
26256582
16768058
20368426
16835286
67865881
38454164
25714552
24496756
39606632
14290958
17085478
23447881
22271711
24757179
82521253
38967679
55914312
28687119
18162660
21495635
18826478
25316848
30814364
25267292
97323515
27026618
26723994
36378012
40077528
38045841
36593060
23437403
24556534
22484800
85310383
25342969
22658649
21832804
31702171
26077569
29103675
23453939
24284738
19475866
85259791
34258548
23728883
30453523
17125604
33236004
17544979
36238715
23085065
29607274
73252211
27725641
90181107
41270414
24953430
18196805
24239397
18542987
21714702
26632379
82166550
21549500
28015923
93801256
19106172
18973545
24485988
18677408
17429046
23766861
62650650
16367615
19526728
27120761
24051276
22553446
25164045
31867698
28581772
33383784
79666531
26771024
47149223
33724143
24662837
18121254
28213545
18073430
31874528
18359498
111921021
48276489
63268826
29673650
23994713
30690285
25842282
39476065
26482481
28467882
98849727
17832820
85109867
26353852
24340760
31500130
24430274
22453526
36737561
17336855
89368962
22916391
61854481
23758812
19077696
26630319
23756085
22531667
16663399
23946210
83550744
38182295
100250980
47188453
39449325
32145450
26683492
27656512
40520029
21062754
90447250
20908094
20056688
24342348
20311598
18779135
28493872
18953581
21070575
24202656
92415494
29856200
25448127
31479890
22542085
34788425
32759513
18982267
21423387
22969322
96806250
28327094
47113194
17849789
33003680
31010327
24046634
23834191
17918058
23011780
69164220
32602126
42454954
25085180
31549502
42061223
44222040
23502083
22436918
33053034
93315700
26340451
24023695
22539781
24887365
46431365
21345133
23013508
17588619
32440923
68320182
27111379
49437352
15616525
18940381
17457371
23649655
17705174
24798879
18384644
69670874
29002549
39709320
18145899
29280786
27539422
17874931
28728014
23097529
21869134
68360911
26014587
41170985
51666369
30803058
22121716
24365753
22691494
28601727
30503563
72443130
18246277
16040947
118860709
20798991
23176974
18203413
32974201
39240530
17303404
73333885
22811568
17592032
67390539
39103293
17305915
23831966
25762228
29155723
27420510
97683107
47882142
34907409
72083157
39244480
21792703
27201820
25153664
31904923
30656457
93790654
24492762
31222603
96566343
39216174
20429754
22876669
32118300
22505443
25893584
79510694
30508712
24702400
72568116
29929589
21194246
30256259
27213887
38011668
43974260
68948471
33763822
22092364
25732637
23915675
35137641
24189740
23274716
30128307
23467855
81851467
27399361
26110803
100469841
48114347
26250057
20451509
27452931
18692749
25094402
62141298
22769627
17246448
87563027
17684167
32706260
23562258
18074352
23296998
17832473
73298264
36053338
30764219
21520485
17484270
23905782
34104362
19787882
25755144
23570409
91248402
21698515
33008364
26262895
29057334
17782246
25174628
18810401
24932145
25372237
65400111
23234489
42183931
16250685
23697109
26090164
25323510
17853186
28830135
26501692
101404544
28843873
69577903
41268440
40928679
18096244
24203770
30230947
24288126
18623433
106528677
32260154
23507432
66777953
18357955
20791125
23873112
34879041
21172879
31224769
86539676
22120966
32667632
59089444
35510953
22035513
27337824
34325527
22010502
35942999
137462915
36030166
21720853
84187283
30877837
29606294
32126084
34647696
36508343
38666783
78217605
28870320
39940464
58058857
23193519
26031470
18435380
21406357
28352680
22969803
96798809
16960894
32460424
31653105
21064378
35867544
22871848
32646472
31390168
17748584
93212134
18080553
30163928
36851762
19039024
17420748
23725658
18073576
16699879
23641993
89868000
29836823
42514399
22862896
26207302
23671223
18001755
36201403
22006264
37281313
80993460
22972838
74564051
23901745
31707567
21208746
23308612
34474897
23372687
33571182
81457265
24300783
22754381
68824913
32385696
19243709
28175988
26914838
29585033
36168750
92468699
25838684
24562794
94273355
20412440
49377535
21583625
24312853
38701009
21878018
64631968
26324257
32978322
84470604
26615945
21511153
20296996
27013533
19935135
17301709
124778071
20114033
43162829
21634887
24988889
18955979
17516543
23446706
17345835
24444798
92123719
31016371
25550826
98342585
18464206
18291871
31971252
19155565
29824266
26899457
102548209
37839016
19381158
94683318
25088911
18301684
49031914
27883720
16326359
32266636
71417043
38189747
28903594
102012555
21356356
32016903
31373584
17140930
31884080
22411784
79494684
37175719
27161420
89582043
31654123
22711331
25993335
18312733
32088464
65688438
123568490
40745127
18746297
113644043
22593499
16451729
22877570
34795929
24405924
22443318
97384499
39483163
18065439
113144217
31487734
25987378
33211274
22105603
24791968
27139461
73058568
23609435
26409847
77295242
36111412
19043382
17072543
27493764
17597859
26531453
70004601
33379762
35232510
77250055
23126881
17559024
24143307
23091558
20320857
26784092
98784345
88652381
18341027
61012605
19718556
22370562
20706821
27269507
17118703
19677575
