257931404
93991936
32457765
46701777
38104905
16124599
83643518
34081381
32644926
26843877
20228239
108163664
27362002
17710090
25155135
23769585
62453188
24387453
18880728
17581369
24508498
94559320
42451931
16625029
23745219
113953641
32821650
22790237
30728940
32046283
22715028
70124157
24443124
23922644
38889760
20332171
27423820
17641808
24778505
27993747
23832817
106422438
49829531
24042021
119323600
60895942
49550069
34875483
38173150
25761965
28337276
106796894
25877691
40453792
84450602
38769525
35380758
43355082
33339124
57751689
36765960
98102884
40656839
23770984
94398868
32355807
26428923
32168348
18539965
24754344
27063822
149967439
39527529
17677601
36190442
22637914
36729375
27236960
17543844
23910991
17738487
97281810
23806154
18275708
17065541
18984866
25004336
27561694
17601728
20136188
17896962
101296389
52432848
36295260
62359489
17435783
16262395
24112145
34904656
28105117
27288376
80468501
30177706
16538440
59886566
30622070
25047223
23112618
17358661
19650244
35128116
86064883
28095004
34199139
20752002
23348174
23023791
27454382
18949845
34848490
28217476
92273782
26775497
33551186
33814394
37509053
25172183
23293829
18289084
28358716
18131034
93336240
30841947
109774195
24720523
19069181
17319559
27923293
26269971
20874226
26785769
69820855
25441749
74961175
26128771
24743613
23258832
21714473
24678944
24400458
18519985
81905294
20317150
107523738
17582720
17210586
24147784
26209991
23628797
18989862
48464895
91483492
34613729
48936546
32067180
38699256
18091145
28820525
23448109
18640790
21605461
92922755
24319630
25949601
20622306
32042773
23857060
26770689
34397864
36233605
19001155
81987646
28868716
66875454
35747694
21413304
32248952
25600376
20810795
27068589
40256416
62859144
29663110
84486750
32695078
18137727
31127489
18732977
28399181
26578716
32402088
107518758
32524498
30640179
42093622
32407491
24309972
37922787
23919021
35318626
16307834
92334988
22405581
30021486
127395811
17258538
24332848
26336184
24918271
30663250
18149287
89006646
36707698
18356215
103446367
35274760
18841149
16981818
23386384
18106298
17122651
92648345
40150783
28273502
75991072
31262357
18732482
24486201
18870288
25325891
27624622
76950081
25522119
27323004
69416361
21371070
23570862
21162745
36184011
18255306
28847127
79009152
27401566
22430595
68358021
28347770
27857487
19252101
22540388
29070424
35044598
105876948
53489661
31237204
121937486
21336135
20285561
31190294
34701856
23275354
29859589
105726930
38722302
17102385
76087399
21788454
24553058
19151294
24612675
19440829
25499802
75783384
30139137
24070779
118803955
25311577
31133589
18281210
24741665
18344768
24894292
118074225
25294624
43870563
121826776
21310449
23460333
30490145
33222401
19150012
25029784
79377113
30470200
21126601
120562115
25398783
32483729
19525420
25449632
31527309
18721065
117851683
27802646
26538989
48787111
31989783
17737153
25259608
26462514
17021634
32981231
84653042
42997140
28907140
31907659
22922200
34241852
24163609
18515234
17558512
27242726
88691829
25800733
17167025
72099577
18404486
17616204
23160890
22472417
23846245
30115970
110366222
37258893
23014185
56957238
32059395
18618114
21108333
18266812
23961448
26950659
91216082
20752049
24339684
30846694
17590358
24618603
22368360
20095158
26936943
42117245
98599195
67416641
35488915
85594294
32635696
23852204
18687932
25329375
26554449
25105389
80597244
34315918
32696823
99681149
30183807
45770907
32779772
31315788
18175583
22194403
89825016
39861158
23071620
83407573
22801381
21357139
24171703
31578517
21804861
25421347
95263645
34526143
32692917
67640014
31334302
25783556
26275843
31737453
17430831
28399733
79661317
23985708
21447450
60113274
28427325
25465779
23280338
21474984
25356914
23506945
64864838
32739730
35592593
165652961
23784430
27190163
16230550
22963175
24202472
26228629
93343783
27933523
23483371
26856495
21049271
18399735
20243881
25185477
22404692
24934394
75554742
36022800
25342004
30277598
24143282
30798563
24691548
23328273
26447080
24437978
134460609
85772549
15833465
75314838
26490955
25153142
43530676
21706591
23436645
29925904
93207796
28453100
23560936
72804625
28497091
23101729
30235949
28779279
30441431
32318867
71930282
31165838
26274605
60191055
39599465
21932286
16497565
31433952
26545998
23678895
79577204
18400073
24511032
71362642
35006503
42579716
32714387
18335044
17259556
23453644
89651320
23867554
33829734
92684933
22734566
36862005
19044145
24976152
19277087
17938186
83212018
19863761
38582817
74134486
32568877
18468337
28858213
26267559
29969432
20055503
74858335
29899735
30737902
101726762
32840178
23391332
28347844
21101008
40554843
27370317
91465045
31047436
22833404
68546973
23399392
29119957
36408892
24398419
30808563
32100223
95090677
26323909
27496051
68720332
23623468
34499043
25296462
23399256
29119686
23620112
117586611
22384075
22332282
47663925
21479579
23858258
17810707
25462755
19052288
17964207
117155968
136472715
31054917
69595771
28575226
44136395
27879636
22324963
23973647
17913953
65057980
39712427
22715761
48793382
25473629
22312593
29182888
30299301
20970257
46464144
74571868
29582280
24294446
111233252
30908759
40286782
18758691
18148917
24279708
18522512
86074899
42258932
20445576
76594561
42762885
27913099
26280361
29129298
31229334
33591206
86080611
32041010
30661149
68257380
35194729
23430405
31190840
28296510
40332906
25676581
97187012
28751237
27388080
97909645
24524886
18127735
16672127
27744492
21541644
24441134
76838799
43709885
18000514
64314287
19730109
17785742
29048382
21913515
21379098
18966239
92875700
17738356
35345633
38526648
20535652
35400490
17165831
25421977
30608602
16720261
57062934
29087449
34385820
24804693
26838977
27969666
18932033
33478135
27018350
17641837
107657718
87210072
38428947
76929213
31371616
22450729
29148984
31474151
24508841
27131846
82627802
36778717
18261010
84295447
26159743
25659982
26370870
23115466
25805010
22834538
75524162
53573876
32064070
64795874
18735924
17398270
23903223
18358656
20738187
19034874
80939432
27259247
22076432
73279936
36021110
18241050
33496046
22885859
26112395
23929627
71817469
26289421
41465986
71485611
18906396
24481966
27084085
24852284
22972220
17822954
95950125
31801242
18261039
40680333
52726206
21672115
23215609
18045081
20707635
26573321
103026512
25447579
40446790
26454594
17257151
23819948
22435002
18753603
24178206
27640082
95716993
38828596
74873753
34118603
23994213
18434741
20113931
27521217
26458953
32436154
79901973
27776753
34817714
54562401
24701011
26351676
29898045
32270799
35236766
31365395
97386030
39743217
22307163
44644895
32118212
24306524
23367427
41153129
30517413
33921643
106510999
20888491
26539136
22375543
25177859
27504313
16987438
24995647
26525093
24335984
113130312
32826835
22546454
16605094
23090833
22746757
17244532
28142536
26565054
23568156
87652477
34024042
32978073
26929690
17665773
24292446
17051506
27488270
21771323
23590054
108632837
23127658
29796707
63771911
31275359
21548587
23573934
26396981
29583918
39570533
115045478
30124391
24009720
70520018
25603218
23103058
36438753
35758833
31702397
23359375
98228044
39356334
29481632
41226432
19299234
33837030
31082913
17768872
32329019
26588488
149505313
127861480
34116496
88480608
35713822
26157963
17311115
19231973
17780431
31923491
91375051
26354372
69971267
23542152
27325011
34229153
30803501
28221653
30327524
29291521
60530621
22082158
73649375
28416452
26659836
28321779
26637002
40078195
17940889
34227403
89023644
25655479
20984015
64709094
22695758
16978569
35961256
26775818
12762392
23208023
103308650
45378628
25008490
22103224
22038356
28207991
18365288
23845699
30425290
23987302
91342001
38934979
29353370
45505039
23870897
18913514
18059117
39803448
21039840
16720638
75865143
35015146
32847783
62849845
33612000
32950617
23945862
18142262
27863781
25978885
85696708
44544775
17847111
89003277
26638740
33969275
36581914
18083223
25251944
24522459
94496950
20417007
22620284
104047110
17928229
24076341
19684787
25232150
22885631
26799466
79079128
30590355
16326481
32337219
18365381
24786611
22468387
29727972
24853870
18498786
100432239
44856954
75850831
18219322
24555998
27129452
25810715
23518805
24383352
18227556
97389913
59084626
21272641
68468080
31197721
17088703
19414805
17584719
24109203
18061803
102691619
29225020
47221785
25041108
23666767
17735660
37306380
31690841
24317751
18100204
66562023
28655804
59524074
42941251
21330247
22376147
28996242
27621856
18258214
24967562
63325156
22334262
37353679
85394267
26848344
28358784
18744474
20574333
24193606
28707357
87803995
44654646
37210556
114393672
21292747
24812237
30410190
24585563
26281059
20860714
111446419
18808021
17387819
111721820
25599255
29168296
30396395
24993692
23911694
27205104
104638135
31562668
31293364
153469006
40403303
35162785
23957439
27547701
21543804
40362188
95159707
34749379
20404567
136924913
22075460
25668937
27194542
44991546
32498810
17920489
88544811
17329677
24329666
118477781
21513495
23358984
18818024
28715529
30863403
30843473
92284277
55282104
36677074
107840573
26987166
33025110
23261398
38122689
40166846
29837310
